,Actual Classifcation,Predicted Classification
0,1.0,0
1,1.0,0
2,1.0,0
3,1.0,0
4,1.0,0
5,1.0,0
6,1.0,4
7,1.0,0
8,1.0,0
9,1.0,0
10,1.0,0
11,1.0,0
12,1.0,0
13,1.0,0
14,1.0,0
15,1.0,0
16,1.0,0
17,1.0,0
18,1.0,0
19,1.0,0
20,1.0,0
21,1.0,0
22,1.0,0
23,1.0,0
24,1.0,0
25,1.0,0
26,1.0,0
27,1.0,0
28,1.0,0
29,1.0,0
30,1.0,0
31,1.0,0
32,1.0,0
33,1.0,4
34,1.0,0
35,1.0,0
36,1.0,0
37,1.0,0
38,1.0,0
39,1.0,0
40,1.0,0
41,1.0,0
42,1.0,0
43,1.0,0
44,1.0,0
45,1.0,0
46,1.0,0
47,1.0,0
48,1.0,0
49,1.0,0
50,1.0,0
51,1.0,0
52,1.0,4
53,1.0,0
54,1.0,0
55,1.0,0
56,1.0,0
57,1.0,0
58,1.0,0
59,1.0,0
60,1.0,0
61,1.0,0
62,1.0,0
63,1.0,0
64,1.0,0
65,1.0,0
66,1.0,0
67,1.0,0
68,1.0,0
69,1.0,0
70,1.0,0
71,1.0,0
72,1.0,0
73,1.0,0
74,1.0,0
75,1.0,0
76,1.0,0
77,1.0,0
78,1.0,0
79,1.0,0
80,1.0,0
81,1.0,0
82,1.0,0
83,1.0,0
84,1.0,0
85,1.0,0
86,1.0,0
87,1.0,0
88,1.0,0
89,1.0,0
90,1.0,0
91,1.0,0
92,1.0,0
93,1.0,0
94,1.0,0
95,1.0,0
96,1.0,0
97,1.0,0
98,1.0,0
99,1.0,0
100,1.0,0
101,1.0,0
102,1.0,0
103,1.0,0
104,1.0,0
105,1.0,0
106,1.0,0
107,1.0,0
108,1.0,0
109,1.0,0
110,1.0,0
111,1.0,0
112,1.0,0
113,1.0,4
114,1.0,0
115,1.0,0
116,1.0,0
117,1.0,0
118,1.0,0
119,1.0,0
120,1.0,0
121,1.0,4
122,1.0,0
123,1.0,0
124,1.0,0
125,1.0,0
126,1.0,0
127,1.0,0
128,1.0,0
129,1.0,0
130,1.0,0
131,1.0,0
132,1.0,0
133,1.0,0
134,1.0,0
135,1.0,0
136,1.0,0
137,1.0,0
138,1.0,0
139,1.0,0
140,1.0,0
141,1.0,0
142,1.0,0
143,1.0,0
144,1.0,0
145,1.0,0
146,1.0,0
147,1.0,0
148,1.0,0
149,1.0,0
150,1.0,0
151,1.0,0
152,1.0,0
153,1.0,0
154,1.0,0
155,1.0,0
156,1.0,0
157,1.0,0
158,1.0,0
159,1.0,0
160,1.0,0
161,1.0,0
162,1.0,0
163,1.0,0
164,1.0,0
165,1.0,0
166,1.0,0
167,1.0,0
168,1.0,0
169,1.0,0
170,1.0,0
171,1.0,0
172,1.0,0
173,1.0,0
174,1.0,0
175,1.0,0
176,1.0,0
177,1.0,0
178,1.0,0
179,1.0,0
180,1.0,0
181,1.0,0
182,1.0,0
183,1.0,0
184,1.0,0
185,1.0,0
186,1.0,0
187,1.0,0
188,1.0,0
189,1.0,0
190,1.0,0
191,1.0,0
192,1.0,0
193,1.0,0
194,1.0,0
195,1.0,0
196,1.0,0
197,1.0,0
198,1.0,0
199,1.0,0
200,1.0,0
201,1.0,4
202,1.0,0
203,1.0,0
204,1.0,0
205,1.0,0
206,1.0,0
207,1.0,0
208,1.0,0
209,1.0,0
210,1.0,0
211,1.0,0
212,1.0,0
213,1.0,0
214,1.0,0
215,1.0,0
216,1.0,0
217,1.0,0
218,1.0,0
219,1.0,0
220,1.0,0
221,1.0,0
222,1.0,4
223,1.0,0
224,1.0,0
225,1.0,0
226,1.0,0
227,1.0,0
228,1.0,0
229,1.0,0
230,1.0,0
231,1.0,0
232,1.0,4
233,1.0,0
234,1.0,0
235,1.0,0
236,1.0,0
237,1.0,0
238,1.0,0
239,1.0,0
240,1.0,0
241,1.0,0
242,1.0,0
243,1.0,4
244,1.0,0
245,1.0,0
246,1.0,0
247,1.0,0
248,1.0,0
249,1.0,0
250,1.0,0
251,1.0,0
252,1.0,0
253,1.0,0
254,1.0,0
255,1.0,0
256,1.0,0
257,1.0,0
258,1.0,0
259,1.0,0
260,1.0,0
261,1.0,0
262,1.0,0
263,1.0,0
264,1.0,0
265,1.0,0
266,1.0,0
267,1.0,0
268,1.0,0
269,1.0,0
270,1.0,0
271,1.0,0
272,1.0,0
273,1.0,0
274,1.0,0
275,1.0,0
276,1.0,0
277,1.0,0
278,1.0,0
279,1.0,0
280,1.0,0
281,1.0,0
282,1.0,0
283,1.0,0
284,1.0,0
285,1.0,0
286,1.0,0
287,1.0,0
288,1.0,0
289,1.0,0
290,1.0,0
291,1.0,0
292,1.0,0
293,1.0,0
294,1.0,0
295,1.0,0
296,1.0,0
297,1.0,0
298,1.0,0
299,1.0,0
300,1.0,0
301,1.0,0
302,1.0,0
303,1.0,0
304,1.0,0
305,1.0,0
306,1.0,0
307,1.0,0
308,1.0,0
309,1.0,0
310,1.0,0
311,1.0,0
312,1.0,0
313,1.0,0
314,1.0,0
315,1.0,0
316,1.0,0
317,1.0,0
318,1.0,0
319,1.0,0
320,1.0,0
321,1.0,0
322,1.0,0
323,1.0,0
324,1.0,0
325,1.0,0
326,1.0,0
327,1.0,0
328,1.0,0
329,1.0,0
330,1.0,0
331,1.0,0
332,1.0,4
333,1.0,0
334,1.0,0
335,1.0,0
336,1.0,0
337,1.0,0
338,1.0,0
339,1.0,0
340,1.0,0
341,1.0,0
342,1.0,0
343,1.0,0
344,1.0,0
345,1.0,0
346,1.0,0
347,1.0,0
348,1.0,0
349,1.0,0
350,1.0,0
351,1.0,0
352,1.0,0
353,1.0,0
354,1.0,0
355,1.0,0
356,1.0,0
357,1.0,0
358,1.0,0
359,1.0,0
360,1.0,0
361,1.0,0
362,1.0,0
363,1.0,0
364,1.0,0
365,1.0,0
366,1.0,0
367,1.0,0
368,1.0,0
369,1.0,0
370,1.0,0
371,1.0,0
372,1.0,0
373,1.0,0
374,1.0,0
375,1.0,0
376,1.0,0
377,1.0,0
378,1.0,0
379,1.0,0
380,1.0,0
381,1.0,0
382,1.0,0
383,1.0,0
384,1.0,0
385,1.0,0
386,1.0,0
387,1.0,0
388,1.0,0
389,1.0,0
390,1.0,0
391,1.0,0
392,1.0,0
393,1.0,0
394,1.0,0
395,1.0,0
396,1.0,0
397,1.0,0
398,1.0,0
399,1.0,0
400,1.0,0
401,1.0,0
402,1.0,0
403,1.0,0
404,1.0,0
405,1.0,0
406,1.0,0
407,1.0,0
408,1.0,0
409,1.0,0
410,1.0,0
411,1.0,0
412,1.0,0
413,1.0,0
414,1.0,0
415,1.0,0
416,1.0,0
417,1.0,0
418,1.0,0
419,1.0,0
420,1.0,0
421,1.0,0
422,1.0,0
423,1.0,0
424,1.0,0
425,1.0,0
426,1.0,0
427,1.0,0
428,1.0,0
429,1.0,0
430,1.0,0
431,1.0,0
432,1.0,0
433,1.0,0
434,1.0,0
435,1.0,0
436,1.0,0
437,1.0,0
438,1.0,0
439,1.0,0
440,1.0,0
441,1.0,0
442,1.0,4
443,1.0,0
444,1.0,0
445,1.0,0
446,1.0,0
447,1.0,0
448,1.0,0
449,1.0,0
450,1.0,0
451,1.0,0
452,1.0,0
453,1.0,0
454,1.0,0
455,1.0,0
456,1.0,0
457,1.0,0
458,1.0,0
459,1.0,0
460,1.0,0
461,1.0,0
462,1.0,0
463,1.0,0
464,1.0,0
465,1.0,0
466,1.0,0
467,1.0,0
468,1.0,0
469,1.0,0
470,1.0,0
471,1.0,0
472,1.0,0
473,1.0,0
474,1.0,0
475,1.0,0
476,1.0,4
477,1.0,0
478,1.0,0
479,1.0,0
480,1.0,0
481,1.0,0
482,1.0,0
483,1.0,0
484,1.0,0
485,1.0,0
486,1.0,4
487,1.0,0
488,1.0,0
489,1.0,0
490,1.0,0
491,1.0,0
492,1.0,4
493,1.0,0
494,1.0,0
495,1.0,0
496,1.0,0
497,1.0,0
498,1.0,0
499,1.0,0
500,1.0,0
501,1.0,0
502,1.0,0
503,1.0,0
504,1.0,0
505,1.0,0
506,1.0,0
507,1.0,0
508,1.0,0
509,1.0,0
510,1.0,0
511,1.0,0
512,1.0,0
513,1.0,4
514,1.0,0
515,1.0,0
516,1.0,0
517,1.0,0
518,1.0,0
519,1.0,0
520,1.0,0
521,1.0,0
522,1.0,0
523,1.0,0
524,1.0,0
525,1.0,0
526,1.0,0
527,1.0,0
528,1.0,0
529,1.0,0
530,1.0,0
531,1.0,0
532,1.0,0
533,1.0,0
534,1.0,0
535,1.0,0
536,1.0,0
537,1.0,0
538,1.0,0
539,1.0,0
540,1.0,0
541,1.0,0
542,1.0,0
543,1.0,0
544,1.0,0
545,1.0,0
546,1.0,0
547,1.0,0
548,1.0,0
549,1.0,0
550,1.0,0
551,1.0,0
552,1.0,0
553,1.0,0
554,1.0,0
555,1.0,0
556,1.0,0
557,1.0,0
558,1.0,0
559,1.0,0
560,1.0,0
561,1.0,0
562,1.0,0
563,1.0,0
564,1.0,0
565,1.0,0
566,1.0,0
567,1.0,0
568,1.0,0
569,1.0,0
570,1.0,0
571,1.0,0
572,1.0,0
573,1.0,0
574,1.0,0
575,1.0,0
576,1.0,0
577,1.0,0
578,1.0,0
579,1.0,0
580,1.0,4
581,1.0,0
582,1.0,0
583,1.0,0
584,1.0,0
585,1.0,0
586,1.0,0
587,1.0,0
588,1.0,0
589,1.0,0
590,1.0,0
591,1.0,0
592,1.0,0
593,1.0,0
594,1.0,0
595,1.0,0
596,1.0,0
597,1.0,0
598,1.0,0
599,1.0,0
600,1.0,0
601,1.0,0
602,1.0,0
603,1.0,0
604,1.0,0
605,1.0,0
606,1.0,0
607,1.0,0
608,1.0,0
609,1.0,4
610,1.0,0
611,1.0,0
612,1.0,0
613,1.0,0
614,1.0,0
615,1.0,0
616,1.0,0
617,1.0,0
618,1.0,0
619,1.0,0
620,1.0,0
621,1.0,0
622,1.0,0
623,1.0,0
624,1.0,0
625,1.0,0
626,1.0,0
627,1.0,0
628,1.0,0
629,1.0,0
630,1.0,0
631,1.0,0
632,1.0,0
633,1.0,0
634,1.0,0
635,1.0,0
636,1.0,0
637,1.0,0
638,1.0,0
639,1.0,4
640,1.0,0
641,1.0,0
642,1.0,0
643,1.0,0
644,1.0,0
645,1.0,0
646,1.0,0
647,1.0,0
648,1.0,0
649,1.0,2
650,1.0,0
651,1.0,0
652,1.0,0
653,1.0,0
654,1.0,0
655,1.0,0
656,1.0,0
657,1.0,0
658,1.0,0
659,1.0,0
660,1.0,0
661,1.0,0
662,1.0,0
663,1.0,0
664,1.0,0
665,1.0,0
666,1.0,0
667,1.0,0
668,1.0,0
669,1.0,0
670,1.0,0
671,1.0,0
672,1.0,0
673,1.0,0
674,1.0,0
675,1.0,0
676,1.0,0
677,1.0,0
678,1.0,0
679,1.0,0
680,1.0,0
681,1.0,0
682,1.0,0
683,1.0,0
684,1.0,0
685,1.0,0
686,1.0,4
687,1.0,0
688,1.0,0
689,1.0,0
690,1.0,0
691,1.0,0
692,1.0,0
693,1.0,0
694,1.0,0
695,1.0,0
696,1.0,0
697,1.0,0
698,1.0,0
699,1.0,0
700,1.0,0
701,1.0,0
702,1.0,0
703,1.0,0
704,1.0,0
705,1.0,0
706,1.0,0
707,1.0,0
708,1.0,0
709,1.0,0
710,1.0,0
711,1.0,0
712,1.0,0
713,1.0,0
714,1.0,0
715,1.0,0
716,1.0,0
717,1.0,0
718,1.0,0
719,1.0,0
720,1.0,0
721,1.0,0
722,1.0,0
723,1.0,0
724,1.0,0
725,1.0,0
726,1.0,0
727,1.0,0
728,1.0,0
729,1.0,0
730,1.0,0
731,1.0,0
732,1.0,0
733,1.0,0
734,1.0,0
735,1.0,0
736,1.0,0
737,1.0,0
738,1.0,0
739,1.0,0
740,1.0,0
741,1.0,0
742,1.0,0
743,1.0,0
744,1.0,0
745,1.0,0
746,1.0,0
747,1.0,0
748,1.0,0
749,1.0,4
750,1.0,0
751,1.0,0
752,1.0,0
753,1.0,0
754,1.0,0
755,1.0,0
756,1.0,0
757,1.0,0
758,1.0,0
759,1.0,0
760,1.0,0
761,1.0,0
762,1.0,0
763,1.0,0
764,1.0,0
765,1.0,0
766,1.0,0
767,1.0,0
768,1.0,0
769,1.0,0
770,1.0,0
771,1.0,0
772,1.0,0
773,1.0,0
774,1.0,0
775,1.0,0
776,1.0,0
777,1.0,0
778,1.0,0
779,1.0,0
780,1.0,0
781,1.0,0
782,1.0,0
783,1.0,0
784,1.0,0
785,1.0,0
786,1.0,0
787,1.0,0
788,1.0,0
789,1.0,0
790,1.0,0
791,1.0,0
792,1.0,0
793,1.0,0
794,1.0,0
795,1.0,0
796,1.0,0
797,1.0,0
798,1.0,0
799,1.0,0
800,1.0,0
801,1.0,0
802,1.0,0
803,1.0,0
804,1.0,0
805,1.0,0
806,1.0,0
807,1.0,0
808,1.0,0
809,1.0,0
810,1.0,0
811,1.0,0
812,1.0,0
813,1.0,0
814,1.0,0
815,1.0,0
816,1.0,0
817,1.0,0
818,1.0,0
819,1.0,0
820,1.0,0
821,1.0,0
822,1.0,0
823,1.0,0
824,1.0,0
825,1.0,0
826,1.0,0
827,1.0,0
828,1.0,0
829,1.0,0
830,1.0,0
831,1.0,0
832,1.0,0
833,1.0,4
834,1.0,0
835,1.0,0
836,1.0,0
837,1.0,0
838,1.0,0
839,1.0,0
840,1.0,0
841,1.0,0
842,1.0,0
843,1.0,0
844,1.0,0
845,1.0,0
846,1.0,0
847,1.0,0
848,1.0,0
849,1.0,0
850,1.0,0
851,1.0,0
852,1.0,0
853,1.0,0
854,1.0,4
855,1.0,0
856,1.0,0
857,1.0,0
858,1.0,0
859,1.0,0
860,1.0,0
861,1.0,0
862,1.0,0
863,1.0,0
864,1.0,0
865,1.0,0
866,1.0,0
867,1.0,4
868,1.0,0
869,1.0,0
870,1.0,0
871,1.0,0
872,1.0,0
873,1.0,0
874,1.0,0
875,1.0,0
876,1.0,0
877,1.0,0
878,1.0,0
879,1.0,0
880,1.0,0
881,1.0,0
882,1.0,0
883,1.0,0
884,1.0,0
885,1.0,0
886,1.0,0
887,1.0,0
888,1.0,4
889,1.0,0
890,1.0,0
891,1.0,0
892,1.0,0
893,1.0,0
894,1.0,0
895,1.0,0
896,1.0,0
897,1.0,0
898,1.0,0
899,1.0,0
900,1.0,0
901,1.0,0
902,1.0,0
903,1.0,0
904,1.0,0
905,1.0,0
906,1.0,0
907,1.0,0
908,1.0,0
909,1.0,0
910,1.0,0
911,1.0,4
912,1.0,0
913,1.0,0
914,1.0,0
915,1.0,0
916,1.0,0
917,1.0,0
918,1.0,0
919,1.0,0
920,1.0,0
921,1.0,0
922,1.0,0
923,1.0,0
924,1.0,0
925,1.0,0
926,1.0,0
927,1.0,0
928,1.0,0
929,1.0,0
930,1.0,0
931,1.0,0
932,1.0,0
933,1.0,0
934,1.0,0
935,1.0,0
936,1.0,0
937,1.0,0
938,1.0,0
939,1.0,0
940,1.0,0
941,1.0,0
942,1.0,0
943,1.0,0
944,1.0,0
945,1.0,0
946,1.0,0
947,1.0,0
948,1.0,0
949,1.0,0
950,1.0,0
951,1.0,0
952,1.0,4
953,1.0,0
954,1.0,0
955,1.0,0
956,1.0,0
957,1.0,0
958,1.0,0
959,1.0,0
960,1.0,0
961,1.0,0
962,1.0,0
963,1.0,0
964,1.0,0
965,1.0,0
966,1.0,0
967,1.0,0
968,1.0,0
969,1.0,0
970,1.0,0
971,1.0,0
972,1.0,0
973,1.0,0
974,1.0,0
975,1.0,0
976,1.0,0
977,1.0,0
978,1.0,0
979,1.0,0
980,1.0,0
981,1.0,0
982,1.0,0
983,1.0,0
984,1.0,0
985,1.0,0
986,1.0,0
987,1.0,0
988,1.0,0
989,1.0,0
990,1.0,0
991,1.0,0
992,1.0,0
993,1.0,0
994,1.0,0
995,1.0,0
996,1.0,0
997,1.0,0
998,1.0,0
999,1.0,0
1000,2.0,1
1001,2.0,1
1002,2.0,1
1003,2.0,1
1004,2.0,1
1005,2.0,1
1006,2.0,1
1007,2.0,1
1008,2.0,1
1009,2.0,1
1010,2.0,1
1011,2.0,1
1012,2.0,1
1013,2.0,1
1014,2.0,1
1015,2.0,1
1016,2.0,1
1017,2.0,1
1018,2.0,1
1019,2.0,3
1020,2.0,1
1021,2.0,3
1022,2.0,1
1023,2.0,1
1024,2.0,1
1025,2.0,1
1026,2.0,1
1027,2.0,1
1028,2.0,3
1029,2.0,1
1030,2.0,1
1031,2.0,1
1032,2.0,1
1033,2.0,1
1034,2.0,1
1035,2.0,1
1036,2.0,1
1037,2.0,1
1038,2.0,1
1039,2.0,1
1040,2.0,1
1041,2.0,1
1042,2.0,1
1043,2.0,3
1044,2.0,1
1045,2.0,1
1046,2.0,1
1047,2.0,1
1048,2.0,1
1049,2.0,1
1050,2.0,1
1051,2.0,1
1052,2.0,1
1053,2.0,1
1054,2.0,1
1055,2.0,1
1056,2.0,1
1057,2.0,1
1058,2.0,1
1059,2.0,1
1060,2.0,1
1061,2.0,1
1062,2.0,1
1063,2.0,1
1064,2.0,1
1065,2.0,3
1066,2.0,1
1067,2.0,1
1068,2.0,1
1069,2.0,1
1070,2.0,1
1071,2.0,3
1072,2.0,1
1073,2.0,3
1074,2.0,1
1075,2.0,1
1076,2.0,1
1077,2.0,1
1078,2.0,1
1079,2.0,1
1080,2.0,1
1081,2.0,1
1082,2.0,1
1083,2.0,1
1084,2.0,1
1085,2.0,1
1086,2.0,1
1087,2.0,1
1088,2.0,3
1089,2.0,1
1090,2.0,1
1091,2.0,1
1092,2.0,1
1093,2.0,1
1094,2.0,1
1095,2.0,1
1096,2.0,1
1097,2.0,1
1098,2.0,1
1099,2.0,1
1100,2.0,1
1101,2.0,1
1102,2.0,1
1103,2.0,1
1104,2.0,1
1105,2.0,1
1106,2.0,1
1107,2.0,1
1108,2.0,3
1109,2.0,3
1110,2.0,1
1111,2.0,3
1112,2.0,1
1113,2.0,1
1114,2.0,1
1115,2.0,3
1116,2.0,1
1117,2.0,1
1118,2.0,1
1119,2.0,1
1120,2.0,1
1121,2.0,1
1122,2.0,1
1123,2.0,1
1124,2.0,1
1125,2.0,1
1126,2.0,3
1127,2.0,1
1128,2.0,1
1129,2.0,1
1130,2.0,1
1131,2.0,1
1132,2.0,1
1133,2.0,1
1134,2.0,1
1135,2.0,1
1136,2.0,1
1137,2.0,1
1138,2.0,1
1139,2.0,1
1140,2.0,1
1141,2.0,1
1142,2.0,1
1143,2.0,1
1144,2.0,1
1145,2.0,1
1146,2.0,1
1147,2.0,1
1148,2.0,1
1149,2.0,1
1150,2.0,1
1151,2.0,1
1152,2.0,1
1153,2.0,1
1154,2.0,3
1155,2.0,3
1156,2.0,1
1157,2.0,1
1158,2.0,1
1159,2.0,1
1160,2.0,1
1161,2.0,1
1162,2.0,1
1163,2.0,1
1164,2.0,3
1165,2.0,1
1166,2.0,1
1167,2.0,1
1168,2.0,1
1169,2.0,1
1170,2.0,1
1171,2.0,1
1172,2.0,1
1173,2.0,1
1174,2.0,1
1175,2.0,1
1176,2.0,1
1177,2.0,1
1178,2.0,1
1179,2.0,1
1180,2.0,1
1181,2.0,1
1182,2.0,1
1183,2.0,3
1184,2.0,1
1185,2.0,1
1186,2.0,1
1187,2.0,1
1188,2.0,1
1189,2.0,1
1190,2.0,1
1191,2.0,1
1192,2.0,3
1193,2.0,1
1194,2.0,1
1195,2.0,1
1196,2.0,1
1197,2.0,1
1198,2.0,1
1199,2.0,1
1200,2.0,1
1201,2.0,1
1202,2.0,1
1203,2.0,1
1204,2.0,1
1205,2.0,1
1206,2.0,1
1207,2.0,1
1208,2.0,1
1209,2.0,1
1210,2.0,1
1211,2.0,1
1212,2.0,1
1213,2.0,3
1214,2.0,1
1215,2.0,1
1216,2.0,1
1217,2.0,1
1218,2.0,1
1219,2.0,1
1220,2.0,1
1221,2.0,1
1222,2.0,3
1223,2.0,1
1224,2.0,1
1225,2.0,1
1226,2.0,1
1227,2.0,1
1228,2.0,1
1229,2.0,1
1230,2.0,3
1231,2.0,3
1232,2.0,1
1233,2.0,1
1234,2.0,3
1235,2.0,1
1236,2.0,3
1237,2.0,1
1238,2.0,1
1239,2.0,1
1240,2.0,1
1241,2.0,1
1242,2.0,1
1243,2.0,1
1244,2.0,1
1245,2.0,1
1246,2.0,1
1247,2.0,1
1248,2.0,1
1249,2.0,1
1250,2.0,1
1251,2.0,3
1252,2.0,1
1253,2.0,3
1254,2.0,1
1255,2.0,1
1256,2.0,1
1257,2.0,1
1258,2.0,1
1259,2.0,1
1260,2.0,1
1261,2.0,1
1262,2.0,1
1263,2.0,1
1264,2.0,1
1265,2.0,1
1266,2.0,1
1267,2.0,3
1268,2.0,1
1269,2.0,1
1270,2.0,1
1271,2.0,1
1272,2.0,1
1273,2.0,1
1274,2.0,1
1275,2.0,1
1276,2.0,1
1277,2.0,3
1278,2.0,1
1279,2.0,1
1280,2.0,1
1281,2.0,1
1282,2.0,1
1283,2.0,1
1284,2.0,1
1285,2.0,3
1286,2.0,1
1287,2.0,3
1288,2.0,1
1289,2.0,1
1290,2.0,1
1291,2.0,1
1292,2.0,1
1293,2.0,1
1294,2.0,1
1295,2.0,1
1296,2.0,1
1297,2.0,1
1298,2.0,1
1299,2.0,3
1300,2.0,3
1301,2.0,1
1302,2.0,1
1303,2.0,1
1304,2.0,1
1305,2.0,1
1306,2.0,1
1307,2.0,1
1308,2.0,3
1309,2.0,1
1310,2.0,1
1311,2.0,1
1312,2.0,3
1313,2.0,1
1314,2.0,1
1315,2.0,1
1316,2.0,1
1317,2.0,3
1318,2.0,1
1319,2.0,1
1320,2.0,1
1321,2.0,1
1322,2.0,1
1323,2.0,1
1324,2.0,1
1325,2.0,1
1326,2.0,1
1327,2.0,1
1328,2.0,1
1329,2.0,1
1330,2.0,1
1331,2.0,1
1332,2.0,3
1333,2.0,3
1334,2.0,1
1335,2.0,1
1336,2.0,3
1337,2.0,3
1338,2.0,1
1339,2.0,1
1340,2.0,1
1341,2.0,3
1342,2.0,1
1343,2.0,1
1344,2.0,3
1345,2.0,1
1346,2.0,1
1347,2.0,3
1348,2.0,1
1349,2.0,1
1350,2.0,3
1351,2.0,1
1352,2.0,1
1353,2.0,1
1354,2.0,1
1355,2.0,1
1356,2.0,1
1357,2.0,1
1358,2.0,1
1359,2.0,1
1360,2.0,3
1361,2.0,1
1362,2.0,1
1363,2.0,1
1364,2.0,1
1365,2.0,1
1366,2.0,1
1367,2.0,1
1368,2.0,1
1369,2.0,1
1370,2.0,1
1371,2.0,1
1372,2.0,1
1373,2.0,1
1374,2.0,1
1375,2.0,1
1376,2.0,1
1377,2.0,1
1378,2.0,1
1379,2.0,1
1380,2.0,1
1381,2.0,1
1382,2.0,1
1383,2.0,3
1384,2.0,1
1385,2.0,1
1386,2.0,1
1387,2.0,1
1388,2.0,1
1389,2.0,1
1390,2.0,1
1391,2.0,3
1392,2.0,1
1393,2.0,1
1394,2.0,1
1395,2.0,3
1396,2.0,1
1397,2.0,1
1398,2.0,3
1399,2.0,1
1400,2.0,1
1401,2.0,1
1402,2.0,1
1403,2.0,1
1404,2.0,1
1405,2.0,1
1406,2.0,1
1407,2.0,1
1408,2.0,1
1409,2.0,1
1410,2.0,1
1411,2.0,3
1412,2.0,1
1413,2.0,1
1414,2.0,1
1415,2.0,1
1416,2.0,1
1417,2.0,1
1418,2.0,1
1419,2.0,1
1420,2.0,1
1421,2.0,1
1422,2.0,1
1423,2.0,1
1424,2.0,1
1425,2.0,1
1426,2.0,1
1427,2.0,1
1428,2.0,1
1429,2.0,1
1430,2.0,3
1431,2.0,1
1432,2.0,1
1433,2.0,1
1434,2.0,1
1435,2.0,1
1436,2.0,1
1437,2.0,3
1438,2.0,1
1439,2.0,1
1440,2.0,1
1441,2.0,1
1442,2.0,1
1443,2.0,3
1444,2.0,1
1445,2.0,1
1446,2.0,1
1447,2.0,1
1448,2.0,1
1449,2.0,1
1450,2.0,1
1451,2.0,1
1452,2.0,1
1453,2.0,1
1454,2.0,1
1455,2.0,1
1456,2.0,3
1457,2.0,1
1458,2.0,1
1459,2.0,3
1460,2.0,3
1461,2.0,1
1462,2.0,1
1463,2.0,1
1464,2.0,1
1465,2.0,1
1466,2.0,1
1467,2.0,1
1468,2.0,1
1469,2.0,3
1470,2.0,1
1471,2.0,1
1472,2.0,1
1473,2.0,1
1474,2.0,1
1475,2.0,3
1476,2.0,1
1477,2.0,1
1478,2.0,1
1479,2.0,1
1480,2.0,1
1481,2.0,3
1482,2.0,3
1483,2.0,3
1484,2.0,1
1485,2.0,1
1486,2.0,1
1487,2.0,1
1488,2.0,1
1489,2.0,1
1490,2.0,1
1491,2.0,1
1492,2.0,1
1493,2.0,1
1494,2.0,1
1495,2.0,1
1496,2.0,1
1497,2.0,1
1498,2.0,1
1499,2.0,1
1500,2.0,1
1501,2.0,1
1502,2.0,1
1503,2.0,1
1504,2.0,1
1505,2.0,1
1506,2.0,1
1507,2.0,3
1508,2.0,1
1509,2.0,1
1510,2.0,1
1511,2.0,1
1512,2.0,1
1513,2.0,3
1514,2.0,1
1515,2.0,1
1516,2.0,1
1517,2.0,1
1518,2.0,1
1519,2.0,1
1520,2.0,1
1521,2.0,1
1522,2.0,1
1523,2.0,1
1524,2.0,1
1525,2.0,1
1526,2.0,1
1527,2.0,1
1528,2.0,1
1529,2.0,1
1530,2.0,1
1531,2.0,1
1532,2.0,1
1533,2.0,1
1534,2.0,1
1535,2.0,1
1536,2.0,1
1537,2.0,3
1538,2.0,3
1539,2.0,1
1540,2.0,1
1541,2.0,1
1542,2.0,1
1543,2.0,1
1544,2.0,1
1545,2.0,3
1546,2.0,1
1547,2.0,1
1548,2.0,1
1549,2.0,1
1550,2.0,1
1551,2.0,1
1552,2.0,1
1553,2.0,1
1554,2.0,1
1555,2.0,1
1556,2.0,3
1557,2.0,1
1558,2.0,1
1559,2.0,3
1560,2.0,1
1561,2.0,3
1562,2.0,3
1563,2.0,1
1564,2.0,1
1565,2.0,3
1566,2.0,1
1567,2.0,1
1568,2.0,1
1569,2.0,1
1570,2.0,3
1571,2.0,1
1572,2.0,1
1573,2.0,1
1574,2.0,1
1575,2.0,3
1576,2.0,1
1577,2.0,1
1578,2.0,1
1579,2.0,1
1580,2.0,1
1581,2.0,1
1582,2.0,1
1583,2.0,1
1584,2.0,3
1585,2.0,1
1586,2.0,1
1587,2.0,1
1588,2.0,1
1589,2.0,1
1590,2.0,1
1591,2.0,1
1592,2.0,1
1593,2.0,1
1594,2.0,1
1595,2.0,1
1596,2.0,1
1597,2.0,1
1598,2.0,1
1599,2.0,1
1600,2.0,1
1601,2.0,1
1602,2.0,3
1603,2.0,1
1604,2.0,1
1605,2.0,1
1606,2.0,1
1607,2.0,3
1608,2.0,1
1609,2.0,3
1610,2.0,1
1611,2.0,1
1612,2.0,3
1613,2.0,1
1614,2.0,1
1615,2.0,1
1616,2.0,1
1617,2.0,1
1618,2.0,1
1619,2.0,1
1620,2.0,1
1621,2.0,1
1622,2.0,1
1623,2.0,1
1624,2.0,1
1625,2.0,1
1626,2.0,1
1627,2.0,1
1628,2.0,1
1629,2.0,1
1630,2.0,1
1631,2.0,1
1632,2.0,3
1633,2.0,1
1634,2.0,1
1635,2.0,1
1636,2.0,1
1637,2.0,1
1638,2.0,1
1639,2.0,1
1640,2.0,1
1641,2.0,1
1642,2.0,1
1643,2.0,1
1644,2.0,1
1645,2.0,1
1646,2.0,1
1647,2.0,1
1648,2.0,1
1649,2.0,1
1650,2.0,3
1651,2.0,1
1652,2.0,1
1653,2.0,1
1654,2.0,1
1655,2.0,1
1656,2.0,1
1657,2.0,1
1658,2.0,1
1659,2.0,1
1660,2.0,1
1661,2.0,1
1662,2.0,1
1663,2.0,3
1664,2.0,3
1665,2.0,1
1666,2.0,1
1667,2.0,1
1668,2.0,1
1669,2.0,3
1670,2.0,1
1671,2.0,1
1672,2.0,1
1673,2.0,1
1674,2.0,1
1675,2.0,1
1676,2.0,1
1677,2.0,1
1678,2.0,1
1679,2.0,1
1680,2.0,1
1681,2.0,3
1682,2.0,1
1683,2.0,1
1684,2.0,1
1685,2.0,1
1686,2.0,1
1687,2.0,1
1688,2.0,1
1689,2.0,1
1690,2.0,1
1691,2.0,1
1692,2.0,1
1693,2.0,1
1694,2.0,1
1695,2.0,3
1696,2.0,1
1697,2.0,3
1698,2.0,3
1699,2.0,1
1700,2.0,1
1701,2.0,1
1702,2.0,1
1703,2.0,1
1704,2.0,1
1705,2.0,1
1706,2.0,1
1707,2.0,3
1708,2.0,3
1709,2.0,1
1710,2.0,1
1711,2.0,1
1712,2.0,3
1713,2.0,1
1714,2.0,1
1715,2.0,1
1716,2.0,1
1717,2.0,1
1718,2.0,1
1719,2.0,1
1720,2.0,3
1721,2.0,1
1722,2.0,3
1723,2.0,1
1724,2.0,1
1725,2.0,1
1726,2.0,1
1727,2.0,1
1728,2.0,3
1729,2.0,1
1730,2.0,1
1731,2.0,1
1732,2.0,1
1733,2.0,3
1734,2.0,1
1735,2.0,1
1736,2.0,1
1737,2.0,1
1738,2.0,3
1739,2.0,3
1740,2.0,1
1741,2.0,1
1742,2.0,3
1743,2.0,1
1744,2.0,1
1745,2.0,1
1746,2.0,3
1747,2.0,1
1748,2.0,1
1749,2.0,3
1750,2.0,1
1751,2.0,1
1752,2.0,1
1753,2.0,1
1754,2.0,1
1755,2.0,1
1756,2.0,1
1757,2.0,1
1758,2.0,1
1759,2.0,1
1760,2.0,1
1761,2.0,1
1762,2.0,1
1763,2.0,1
1764,2.0,1
1765,2.0,1
1766,2.0,1
1767,2.0,1
1768,2.0,1
1769,2.0,1
1770,2.0,1
1771,2.0,1
1772,2.0,1
1773,2.0,3
1774,2.0,1
1775,2.0,1
1776,2.0,3
1777,2.0,1
1778,2.0,1
1779,2.0,1
1780,2.0,1
1781,2.0,1
1782,2.0,1
1783,2.0,1
1784,2.0,1
1785,2.0,1
1786,2.0,1
1787,2.0,1
1788,2.0,1
1789,2.0,1
1790,2.0,1
1791,2.0,1
1792,2.0,1
1793,2.0,1
1794,2.0,1
1795,2.0,1
1796,2.0,1
1797,2.0,1
1798,2.0,1
1799,2.0,1
1800,2.0,1
1801,2.0,1
1802,2.0,1
1803,2.0,1
1804,2.0,1
1805,2.0,1
1806,2.0,3
1807,2.0,1
1808,2.0,1
1809,2.0,1
1810,2.0,1
1811,2.0,3
1812,2.0,1
1813,2.0,1
1814,2.0,1
1815,2.0,1
1816,2.0,1
1817,2.0,1
1818,2.0,1
1819,2.0,1
1820,2.0,1
1821,2.0,1
1822,2.0,1
1823,2.0,1
1824,2.0,1
1825,2.0,1
1826,2.0,1
1827,2.0,1
1828,2.0,1
1829,2.0,1
1830,2.0,3
1831,2.0,3
1832,2.0,1
1833,2.0,1
1834,2.0,1
1835,2.0,1
1836,2.0,1
1837,2.0,1
1838,2.0,1
1839,2.0,1
1840,2.0,1
1841,2.0,1
1842,2.0,1
1843,2.0,1
1844,2.0,1
1845,2.0,1
1846,2.0,3
1847,2.0,1
1848,2.0,1
1849,2.0,1
1850,2.0,1
1851,2.0,1
1852,2.0,1
1853,2.0,1
1854,2.0,1
1855,2.0,1
1856,2.0,1
1857,2.0,1
1858,2.0,1
1859,2.0,1
1860,2.0,3
1861,2.0,1
1862,2.0,3
1863,2.0,1
1864,2.0,1
1865,2.0,1
1866,2.0,1
1867,2.0,1
1868,2.0,1
1869,2.0,1
1870,2.0,1
1871,2.0,1
1872,2.0,3
1873,2.0,1
1874,2.0,1
1875,2.0,1
1876,2.0,1
1877,2.0,1
1878,2.0,1
1879,2.0,3
1880,2.0,1
1881,2.0,3
1882,2.0,3
1883,2.0,1
1884,2.0,3
1885,2.0,3
1886,2.0,1
1887,2.0,3
1888,2.0,1
1889,2.0,1
1890,2.0,1
1891,2.0,1
1892,2.0,1
1893,2.0,1
1894,2.0,3
1895,2.0,1
1896,2.0,1
1897,2.0,1
1898,2.0,1
1899,2.0,1
1900,2.0,1
1901,2.0,1
1902,2.0,3
1903,2.0,1
1904,2.0,1
1905,2.0,1
1906,2.0,1
1907,2.0,1
1908,2.0,1
1909,2.0,1
1910,2.0,1
1911,2.0,1
1912,2.0,1
1913,2.0,3
1914,2.0,1
1915,2.0,1
1916,2.0,1
1917,2.0,1
1918,2.0,1
1919,2.0,3
1920,2.0,3
1921,2.0,1
1922,2.0,1
1923,2.0,1
1924,2.0,1
1925,2.0,1
1926,2.0,1
1927,2.0,3
1928,2.0,1
1929,2.0,1
1930,2.0,1
1931,2.0,3
1932,2.0,1
1933,2.0,1
1934,2.0,1
1935,2.0,3
1936,2.0,1
1937,2.0,1
1938,2.0,1
1939,2.0,1
1940,2.0,1
1941,2.0,3
1942,2.0,1
1943,2.0,1
1944,2.0,1
1945,2.0,1
1946,2.0,1
1947,2.0,1
1948,2.0,1
1949,2.0,1
1950,2.0,1
1951,2.0,1
1952,2.0,1
1953,2.0,1
1954,2.0,1
1955,2.0,1
1956,2.0,1
1957,2.0,1
1958,2.0,1
1959,2.0,1
1960,2.0,1
1961,2.0,1
1962,2.0,1
1963,2.0,1
1964,2.0,1
1965,2.0,1
1966,2.0,1
1967,2.0,1
1968,2.0,1
1969,2.0,3
1970,2.0,1
1971,2.0,1
1972,2.0,1
1973,2.0,1
1974,2.0,3
1975,2.0,1
1976,2.0,1
1977,2.0,1
1978,2.0,1
1979,2.0,1
1980,2.0,1
1981,2.0,1
1982,2.0,1
1983,2.0,1
1984,2.0,1
1985,2.0,1
1986,2.0,1
1987,2.0,1
1988,2.0,1
1989,2.0,1
1990,2.0,1
1991,2.0,1
1992,2.0,3
1993,2.0,1
1994,2.0,3
1995,2.0,1
1996,2.0,1
1997,2.0,1
1998,2.0,1
1999,2.0,1
2000,3.0,2
2001,3.0,2
2002,3.0,2
2003,3.0,2
2004,3.0,2
2005,3.0,2
2006,3.0,2
2007,3.0,2
2008,3.0,2
2009,3.0,2
2010,3.0,2
2011,3.0,2
2012,3.0,2
2013,3.0,2
2014,3.0,2
2015,3.0,2
2016,3.0,2
2017,3.0,2
2018,3.0,2
2019,3.0,2
2020,3.0,2
2021,3.0,2
2022,3.0,2
2023,3.0,2
2024,3.0,2
2025,3.0,2
2026,3.0,2
2027,3.0,2
2028,3.0,2
2029,3.0,2
2030,3.0,2
2031,3.0,2
2032,3.0,2
2033,3.0,2
2034,3.0,2
2035,3.0,2
2036,3.0,2
2037,3.0,2
2038,3.0,2
2039,3.0,2
2040,3.0,2
2041,3.0,2
2042,3.0,2
2043,3.0,2
2044,3.0,2
2045,3.0,2
2046,3.0,2
2047,3.0,2
2048,3.0,2
2049,3.0,2
2050,3.0,2
2051,3.0,2
2052,3.0,2
2053,3.0,2
2054,3.0,2
2055,3.0,2
2056,3.0,2
2057,3.0,2
2058,3.0,2
2059,3.0,2
2060,3.0,2
2061,3.0,2
2062,3.0,2
2063,3.0,2
2064,3.0,2
2065,3.0,0
2066,3.0,2
2067,3.0,2
2068,3.0,2
2069,3.0,2
2070,3.0,2
2071,3.0,2
2072,3.0,2
2073,3.0,2
2074,3.0,2
2075,3.0,2
2076,3.0,2
2077,3.0,2
2078,3.0,2
2079,3.0,2
2080,3.0,2
2081,3.0,2
2082,3.0,2
2083,3.0,2
2084,3.0,2
2085,3.0,2
2086,3.0,2
2087,3.0,2
2088,3.0,2
2089,3.0,2
2090,3.0,2
2091,3.0,1
2092,3.0,2
2093,3.0,2
2094,3.0,2
2095,3.0,2
2096,3.0,2
2097,3.0,2
2098,3.0,2
2099,3.0,2
2100,3.0,2
2101,3.0,2
2102,3.0,2
2103,3.0,2
2104,3.0,2
2105,3.0,2
2106,3.0,2
2107,3.0,2
2108,3.0,2
2109,3.0,2
2110,3.0,2
2111,3.0,2
2112,3.0,2
2113,3.0,2
2114,3.0,2
2115,3.0,2
2116,3.0,2
2117,3.0,2
2118,3.0,2
2119,3.0,2
2120,3.0,2
2121,3.0,2
2122,3.0,2
2123,3.0,2
2124,3.0,2
2125,3.0,2
2126,3.0,2
2127,3.0,2
2128,3.0,2
2129,3.0,2
2130,3.0,2
2131,3.0,2
2132,3.0,2
2133,3.0,2
2134,3.0,2
2135,3.0,2
2136,3.0,2
2137,3.0,2
2138,3.0,2
2139,3.0,2
2140,3.0,2
2141,3.0,2
2142,3.0,2
2143,3.0,2
2144,3.0,2
2145,3.0,2
2146,3.0,2
2147,3.0,2
2148,3.0,2
2149,3.0,2
2150,3.0,2
2151,3.0,2
2152,3.0,2
2153,3.0,2
2154,3.0,2
2155,3.0,2
2156,3.0,2
2157,3.0,2
2158,3.0,2
2159,3.0,2
2160,3.0,2
2161,3.0,2
2162,3.0,2
2163,3.0,2
2164,3.0,2
2165,3.0,2
2166,3.0,2
2167,3.0,2
2168,3.0,2
2169,3.0,2
2170,3.0,2
2171,3.0,2
2172,3.0,2
2173,3.0,2
2174,3.0,2
2175,3.0,2
2176,3.0,2
2177,3.0,2
2178,3.0,2
2179,3.0,2
2180,3.0,2
2181,3.0,2
2182,3.0,2
2183,3.0,2
2184,3.0,2
2185,3.0,2
2186,3.0,2
2187,3.0,2
2188,3.0,2
2189,3.0,2
2190,3.0,2
2191,3.0,2
2192,3.0,2
2193,3.0,2
2194,3.0,2
2195,3.0,2
2196,3.0,2
2197,3.0,2
2198,3.0,2
2199,3.0,2
2200,3.0,2
2201,3.0,2
2202,3.0,2
2203,3.0,2
2204,3.0,2
2205,3.0,2
2206,3.0,2
2207,3.0,2
2208,3.0,2
2209,3.0,2
2210,3.0,2
2211,3.0,2
2212,3.0,2
2213,3.0,2
2214,3.0,2
2215,3.0,2
2216,3.0,2
2217,3.0,2
2218,3.0,2
2219,3.0,2
2220,3.0,2
2221,3.0,2
2222,3.0,2
2223,3.0,2
2224,3.0,2
2225,3.0,2
2226,3.0,2
2227,3.0,2
2228,3.0,2
2229,3.0,2
2230,3.0,2
2231,3.0,2
2232,3.0,2
2233,3.0,2
2234,3.0,2
2235,3.0,2
2236,3.0,2
2237,3.0,2
2238,3.0,2
2239,3.0,2
2240,3.0,2
2241,3.0,0
2242,3.0,2
2243,3.0,2
2244,3.0,2
2245,3.0,2
2246,3.0,2
2247,3.0,2
2248,3.0,2
2249,3.0,0
2250,3.0,2
2251,3.0,2
2252,3.0,2
2253,3.0,2
2254,3.0,2
2255,3.0,2
2256,3.0,2
2257,3.0,2
2258,3.0,2
2259,3.0,2
2260,3.0,2
2261,3.0,2
2262,3.0,2
2263,3.0,2
2264,3.0,2
2265,3.0,2
2266,3.0,2
2267,3.0,2
2268,3.0,2
2269,3.0,2
2270,3.0,2
2271,3.0,2
2272,3.0,0
2273,3.0,2
2274,3.0,2
2275,3.0,2
2276,3.0,2
2277,3.0,2
2278,3.0,2
2279,3.0,2
2280,3.0,2
2281,3.0,2
2282,3.0,2
2283,3.0,2
2284,3.0,2
2285,3.0,2
2286,3.0,2
2287,3.0,2
2288,3.0,2
2289,3.0,2
2290,3.0,2
2291,3.0,2
2292,3.0,2
2293,3.0,2
2294,3.0,2
2295,3.0,2
2296,3.0,2
2297,3.0,2
2298,3.0,2
2299,3.0,2
2300,3.0,2
2301,3.0,2
2302,3.0,2
2303,3.0,2
2304,3.0,2
2305,3.0,2
2306,3.0,2
2307,3.0,2
2308,3.0,2
2309,3.0,2
2310,3.0,2
2311,3.0,2
2312,3.0,2
2313,3.0,2
2314,3.0,2
2315,3.0,2
2316,3.0,2
2317,3.0,2
2318,3.0,2
2319,3.0,2
2320,3.0,2
2321,3.0,2
2322,3.0,2
2323,3.0,2
2324,3.0,2
2325,3.0,2
2326,3.0,2
2327,3.0,2
2328,3.0,2
2329,3.0,2
2330,3.0,2
2331,3.0,2
2332,3.0,2
2333,3.0,2
2334,3.0,2
2335,3.0,2
2336,3.0,2
2337,3.0,2
2338,3.0,2
2339,3.0,2
2340,3.0,2
2341,3.0,2
2342,3.0,2
2343,3.0,2
2344,3.0,2
2345,3.0,2
2346,3.0,2
2347,3.0,2
2348,3.0,2
2349,3.0,2
2350,3.0,2
2351,3.0,2
2352,3.0,2
2353,3.0,2
2354,3.0,2
2355,3.0,2
2356,3.0,0
2357,3.0,2
2358,3.0,2
2359,3.0,2
2360,3.0,0
2361,3.0,2
2362,3.0,2
2363,3.0,2
2364,3.0,2
2365,3.0,2
2366,3.0,2
2367,3.0,2
2368,3.0,2
2369,3.0,2
2370,3.0,2
2371,3.0,4
2372,3.0,2
2373,3.0,2
2374,3.0,2
2375,3.0,2
2376,3.0,2
2377,3.0,2
2378,3.0,2
2379,3.0,2
2380,3.0,2
2381,3.0,2
2382,3.0,2
2383,3.0,2
2384,3.0,2
2385,3.0,2
2386,3.0,2
2387,3.0,2
2388,3.0,2
2389,3.0,2
2390,3.0,2
2391,3.0,2
2392,3.0,4
2393,3.0,2
2394,3.0,2
2395,3.0,2
2396,3.0,2
2397,3.0,2
2398,3.0,2
2399,3.0,2
2400,3.0,2
2401,3.0,2
2402,3.0,2
2403,3.0,2
2404,3.0,2
2405,3.0,2
2406,3.0,2
2407,3.0,2
2408,3.0,2
2409,3.0,2
2410,3.0,2
2411,3.0,2
2412,3.0,2
2413,3.0,2
2414,3.0,2
2415,3.0,2
2416,3.0,2
2417,3.0,2
2418,3.0,2
2419,3.0,2
2420,3.0,2
2421,3.0,2
2422,3.0,2
2423,3.0,2
2424,3.0,2
2425,3.0,2
2426,3.0,2
2427,3.0,2
2428,3.0,2
2429,3.0,2
2430,3.0,2
2431,3.0,2
2432,3.0,2
2433,3.0,2
2434,3.0,2
2435,3.0,2
2436,3.0,2
2437,3.0,2
2438,3.0,2
2439,3.0,2
2440,3.0,2
2441,3.0,2
2442,3.0,2
2443,3.0,2
2444,3.0,2
2445,3.0,2
2446,3.0,2
2447,3.0,2
2448,3.0,2
2449,3.0,2
2450,3.0,2
2451,3.0,2
2452,3.0,2
2453,3.0,2
2454,3.0,2
2455,3.0,2
2456,3.0,2
2457,3.0,2
2458,3.0,2
2459,3.0,2
2460,3.0,2
2461,3.0,2
2462,3.0,2
2463,3.0,2
2464,3.0,2
2465,3.0,2
2466,3.0,2
2467,3.0,2
2468,3.0,2
2469,3.0,2
2470,3.0,4
2471,3.0,2
2472,3.0,2
2473,3.0,2
2474,3.0,2
2475,3.0,2
2476,3.0,2
2477,3.0,2
2478,3.0,2
2479,3.0,2
2480,3.0,2
2481,3.0,2
2482,3.0,2
2483,3.0,2
2484,3.0,1
2485,3.0,2
2486,3.0,2
2487,3.0,1
2488,3.0,2
2489,3.0,2
2490,3.0,2
2491,3.0,2
2492,3.0,2
2493,3.0,2
2494,3.0,2
2495,3.0,2
2496,3.0,2
2497,3.0,2
2498,3.0,2
2499,3.0,2
2500,3.0,2
2501,3.0,2
2502,3.0,2
2503,3.0,2
2504,3.0,2
2505,3.0,2
2506,3.0,2
2507,3.0,2
2508,3.0,2
2509,3.0,2
2510,3.0,2
2511,3.0,2
2512,3.0,2
2513,3.0,2
2514,3.0,2
2515,3.0,2
2516,3.0,2
2517,3.0,2
2518,3.0,2
2519,3.0,2
2520,3.0,2
2521,3.0,2
2522,3.0,2
2523,3.0,2
2524,3.0,2
2525,3.0,1
2526,3.0,2
2527,3.0,2
2528,3.0,2
2529,3.0,2
2530,3.0,2
2531,3.0,2
2532,3.0,2
2533,3.0,2
2534,3.0,2
2535,3.0,2
2536,3.0,2
2537,3.0,2
2538,3.0,2
2539,3.0,2
2540,3.0,2
2541,3.0,2
2542,3.0,2
2543,3.0,2
2544,3.0,2
2545,3.0,2
2546,3.0,2
2547,3.0,2
2548,3.0,2
2549,3.0,2
2550,3.0,2
2551,3.0,2
2552,3.0,2
2553,3.0,2
2554,3.0,2
2555,3.0,2
2556,3.0,2
2557,3.0,2
2558,3.0,2
2559,3.0,2
2560,3.0,2
2561,3.0,2
2562,3.0,2
2563,3.0,2
2564,3.0,2
2565,3.0,2
2566,3.0,2
2567,3.0,2
2568,3.0,2
2569,3.0,2
2570,3.0,2
2571,3.0,2
2572,3.0,2
2573,3.0,2
2574,3.0,2
2575,3.0,2
2576,3.0,2
2577,3.0,2
2578,3.0,2
2579,3.0,2
2580,3.0,2
2581,3.0,2
2582,3.0,2
2583,3.0,2
2584,3.0,2
2585,3.0,0
2586,3.0,2
2587,3.0,2
2588,3.0,2
2589,3.0,2
2590,3.0,2
2591,3.0,2
2592,3.0,2
2593,3.0,2
2594,3.0,2
2595,3.0,2
2596,3.0,2
2597,3.0,2
2598,3.0,2
2599,3.0,2
2600,3.0,2
2601,3.0,2
2602,3.0,2
2603,3.0,2
2604,3.0,2
2605,3.0,2
2606,3.0,2
2607,3.0,2
2608,3.0,2
2609,3.0,2
2610,3.0,2
2611,3.0,2
2612,3.0,2
2613,3.0,2
2614,3.0,2
2615,3.0,2
2616,3.0,2
2617,3.0,2
2618,3.0,2
2619,3.0,2
2620,3.0,2
2621,3.0,2
2622,3.0,2
2623,3.0,2
2624,3.0,2
2625,3.0,2
2626,3.0,2
2627,3.0,2
2628,3.0,2
2629,3.0,2
2630,3.0,2
2631,3.0,2
2632,3.0,2
2633,3.0,2
2634,3.0,2
2635,3.0,2
2636,3.0,2
2637,3.0,2
2638,3.0,2
2639,3.0,2
2640,3.0,2
2641,3.0,2
2642,3.0,2
2643,3.0,2
2644,3.0,2
2645,3.0,2
2646,3.0,2
2647,3.0,2
2648,3.0,2
2649,3.0,2
2650,3.0,2
2651,3.0,2
2652,3.0,2
2653,3.0,2
2654,3.0,2
2655,3.0,2
2656,3.0,2
2657,3.0,2
2658,3.0,2
2659,3.0,2
2660,3.0,2
2661,3.0,2
2662,3.0,2
2663,3.0,2
2664,3.0,0
2665,3.0,2
2666,3.0,2
2667,3.0,2
2668,3.0,2
2669,3.0,2
2670,3.0,2
2671,3.0,2
2672,3.0,2
2673,3.0,2
2674,3.0,2
2675,3.0,2
2676,3.0,2
2677,3.0,2
2678,3.0,2
2679,3.0,2
2680,3.0,2
2681,3.0,2
2682,3.0,2
2683,3.0,2
2684,3.0,2
2685,3.0,2
2686,3.0,2
2687,3.0,2
2688,3.0,2
2689,3.0,2
2690,3.0,2
2691,3.0,2
2692,3.0,2
2693,3.0,2
2694,3.0,2
2695,3.0,2
2696,3.0,2
2697,3.0,2
2698,3.0,2
2699,3.0,2
2700,3.0,2
2701,3.0,2
2702,3.0,2
2703,3.0,2
2704,3.0,2
2705,3.0,2
2706,3.0,1
2707,3.0,2
2708,3.0,2
2709,3.0,1
2710,3.0,2
2711,3.0,2
2712,3.0,2
2713,3.0,2
2714,3.0,2
2715,3.0,2
2716,3.0,2
2717,3.0,2
2718,3.0,2
2719,3.0,2
2720,3.0,2
2721,3.0,2
2722,3.0,2
2723,3.0,2
2724,3.0,2
2725,3.0,2
2726,3.0,2
2727,3.0,2
2728,3.0,2
2729,3.0,2
2730,3.0,2
2731,3.0,2
2732,3.0,2
2733,3.0,2
2734,3.0,2
2735,3.0,2
2736,3.0,2
2737,3.0,2
2738,3.0,2
2739,3.0,2
2740,3.0,2
2741,3.0,2
2742,3.0,2
2743,3.0,2
2744,3.0,2
2745,3.0,2
2746,3.0,2
2747,3.0,2
2748,3.0,2
2749,3.0,2
2750,3.0,2
2751,3.0,2
2752,3.0,2
2753,3.0,2
2754,3.0,2
2755,3.0,2
2756,3.0,2
2757,3.0,2
2758,3.0,2
2759,3.0,2
2760,3.0,2
2761,3.0,2
2762,3.0,2
2763,3.0,2
2764,3.0,2
2765,3.0,2
2766,3.0,2
2767,3.0,2
2768,3.0,2
2769,3.0,2
2770,3.0,2
2771,3.0,2
2772,3.0,2
2773,3.0,2
2774,3.0,2
2775,3.0,2
2776,3.0,2
2777,3.0,2
2778,3.0,2
2779,3.0,2
2780,3.0,2
2781,3.0,2
2782,3.0,2
2783,3.0,2
2784,3.0,2
2785,3.0,2
2786,3.0,2
2787,3.0,2
2788,3.0,2
2789,3.0,2
2790,3.0,2
2791,3.0,2
2792,3.0,2
2793,3.0,2
2794,3.0,2
2795,3.0,2
2796,3.0,2
2797,3.0,2
2798,3.0,2
2799,3.0,2
2800,3.0,2
2801,3.0,2
2802,3.0,2
2803,3.0,0
2804,3.0,2
2805,3.0,2
2806,3.0,2
2807,3.0,2
2808,3.0,2
2809,3.0,2
2810,3.0,2
2811,3.0,2
2812,3.0,2
2813,3.0,2
2814,3.0,2
2815,3.0,2
2816,3.0,2
2817,3.0,2
2818,3.0,2
2819,3.0,2
2820,3.0,2
2821,3.0,2
2822,3.0,2
2823,3.0,2
2824,3.0,2
2825,3.0,2
2826,3.0,2
2827,3.0,2
2828,3.0,2
2829,3.0,2
2830,3.0,2
2831,3.0,2
2832,3.0,2
2833,3.0,2
2834,3.0,2
2835,3.0,2
2836,3.0,2
2837,3.0,2
2838,3.0,2
2839,3.0,2
2840,3.0,2
2841,3.0,2
2842,3.0,2
2843,3.0,2
2844,3.0,2
2845,3.0,2
2846,3.0,2
2847,3.0,2
2848,3.0,2
2849,3.0,2
2850,3.0,2
2851,3.0,2
2852,3.0,2
2853,3.0,2
2854,3.0,2
2855,3.0,2
2856,3.0,2
2857,3.0,2
2858,3.0,2
2859,3.0,2
2860,3.0,2
2861,3.0,2
2862,3.0,2
2863,3.0,2
2864,3.0,2
2865,3.0,2
2866,3.0,2
2867,3.0,2
2868,3.0,2
2869,3.0,2
2870,3.0,2
2871,3.0,2
2872,3.0,2
2873,3.0,2
2874,3.0,2
2875,3.0,2
2876,3.0,2
2877,3.0,2
2878,3.0,2
2879,3.0,2
2880,3.0,2
2881,3.0,4
2882,3.0,2
2883,3.0,2
2884,3.0,2
2885,3.0,2
2886,3.0,2
2887,3.0,2
2888,3.0,2
2889,3.0,2
2890,3.0,2
2891,3.0,2
2892,3.0,2
2893,3.0,2
2894,3.0,2
2895,3.0,2
2896,3.0,2
2897,3.0,2
2898,3.0,2
2899,3.0,2
2900,3.0,2
2901,3.0,2
2902,3.0,2
2903,3.0,2
2904,3.0,2
2905,3.0,2
2906,3.0,2
2907,3.0,2
2908,3.0,0
2909,3.0,2
2910,3.0,2
2911,3.0,2
2912,3.0,2
2913,3.0,2
2914,3.0,2
2915,3.0,2
2916,3.0,2
2917,3.0,2
2918,3.0,2
2919,3.0,2
2920,3.0,2
2921,3.0,2
2922,3.0,2
2923,3.0,2
2924,3.0,2
2925,3.0,2
2926,3.0,2
2927,3.0,2
2928,3.0,2
2929,3.0,2
2930,3.0,2
2931,3.0,2
2932,3.0,2
2933,3.0,2
2934,3.0,2
2935,3.0,2
2936,3.0,2
2937,3.0,2
2938,3.0,2
2939,3.0,2
2940,3.0,2
2941,3.0,2
2942,3.0,2
2943,3.0,2
2944,3.0,2
2945,3.0,2
2946,3.0,2
2947,3.0,2
2948,3.0,2
2949,3.0,2
2950,3.0,2
2951,3.0,2
2952,3.0,2
2953,3.0,2
2954,3.0,2
2955,3.0,2
2956,3.0,2
2957,3.0,2
2958,3.0,2
2959,3.0,2
2960,3.0,2
2961,3.0,0
2962,3.0,2
2963,3.0,2
2964,3.0,2
2965,3.0,2
2966,3.0,2
2967,3.0,2
2968,3.0,2
2969,3.0,2
2970,3.0,2
2971,3.0,2
2972,3.0,2
2973,3.0,2
2974,3.0,2
2975,3.0,2
2976,3.0,2
2977,3.0,2
2978,3.0,2
2979,3.0,2
2980,3.0,2
2981,3.0,2
2982,3.0,2
2983,3.0,2
2984,3.0,2
2985,3.0,2
2986,3.0,2
2987,3.0,2
2988,3.0,2
2989,3.0,2
2990,3.0,2
2991,3.0,2
2992,3.0,2
2993,3.0,2
2994,3.0,0
2995,3.0,2
2996,3.0,2
2997,3.0,2
2998,3.0,2
2999,3.0,2
3000,4.0,3
3001,4.0,3
3002,4.0,3
3003,4.0,3
3004,4.0,3
3005,4.0,3
3006,4.0,3
3007,4.0,3
3008,4.0,3
3009,4.0,3
3010,4.0,3
3011,4.0,3
3012,4.0,1
3013,4.0,3
3014,4.0,3
3015,4.0,3
3016,4.0,3
3017,4.0,3
3018,4.0,3
3019,4.0,3
3020,4.0,3
3021,4.0,3
3022,4.0,3
3023,4.0,3
3024,4.0,3
3025,4.0,3
3026,4.0,1
3027,4.0,3
3028,4.0,3
3029,4.0,3
3030,4.0,3
3031,4.0,3
3032,4.0,3
3033,4.0,3
3034,4.0,1
3035,4.0,3
3036,4.0,3
3037,4.0,3
3038,4.0,3
3039,4.0,1
3040,4.0,3
3041,4.0,3
3042,4.0,3
3043,4.0,3
3044,4.0,3
3045,4.0,3
3046,4.0,3
3047,4.0,3
3048,4.0,3
3049,4.0,3
3050,4.0,3
3051,4.0,1
3052,4.0,3
3053,4.0,3
3054,4.0,3
3055,4.0,3
3056,4.0,3
3057,4.0,3
3058,4.0,3
3059,4.0,3
3060,4.0,3
3061,4.0,3
3062,4.0,3
3063,4.0,3
3064,4.0,1
3065,4.0,3
3066,4.0,3
3067,4.0,3
3068,4.0,3
3069,4.0,3
3070,4.0,3
3071,4.0,3
3072,4.0,3
3073,4.0,3
3074,4.0,1
3075,4.0,3
3076,4.0,3
3077,4.0,3
3078,4.0,3
3079,4.0,3
3080,4.0,3
3081,4.0,3
3082,4.0,3
3083,4.0,3
3084,4.0,3
3085,4.0,3
3086,4.0,3
3087,4.0,3
3088,4.0,1
3089,4.0,3
3090,4.0,3
3091,4.0,3
3092,4.0,3
3093,4.0,1
3094,4.0,3
3095,4.0,3
3096,4.0,3
3097,4.0,3
3098,4.0,3
3099,4.0,3
3100,4.0,3
3101,4.0,3
3102,4.0,3
3103,4.0,3
3104,4.0,3
3105,4.0,3
3106,4.0,3
3107,4.0,3
3108,4.0,3
3109,4.0,3
3110,4.0,3
3111,4.0,3
3112,4.0,3
3113,4.0,3
3114,4.0,3
3115,4.0,3
3116,4.0,3
3117,4.0,3
3118,4.0,3
3119,4.0,3
3120,4.0,3
3121,4.0,3
3122,4.0,3
3123,4.0,3
3124,4.0,3
3125,4.0,3
3126,4.0,3
3127,4.0,1
3128,4.0,3
3129,4.0,3
3130,4.0,3
3131,4.0,3
3132,4.0,3
3133,4.0,3
3134,4.0,3
3135,4.0,1
3136,4.0,3
3137,4.0,3
3138,4.0,1
3139,4.0,3
3140,4.0,3
3141,4.0,3
3142,4.0,3
3143,4.0,3
3144,4.0,3
3145,4.0,3
3146,4.0,3
3147,4.0,3
3148,4.0,1
3149,4.0,3
3150,4.0,1
3151,4.0,3
3152,4.0,3
3153,4.0,3
3154,4.0,3
3155,4.0,3
3156,4.0,3
3157,4.0,3
3158,4.0,3
3159,4.0,3
3160,4.0,3
3161,4.0,3
3162,4.0,3
3163,4.0,3
3164,4.0,3
3165,4.0,3
3166,4.0,3
3167,4.0,3
3168,4.0,1
3169,4.0,3
3170,4.0,3
3171,4.0,3
3172,4.0,3
3173,4.0,3
3174,4.0,3
3175,4.0,3
3176,4.0,3
3177,4.0,3
3178,4.0,3
3179,4.0,3
3180,4.0,3
3181,4.0,1
3182,4.0,3
3183,4.0,3
3184,4.0,3
3185,4.0,3
3186,4.0,3
3187,4.0,3
3188,4.0,3
3189,4.0,3
3190,4.0,3
3191,4.0,3
3192,4.0,3
3193,4.0,3
3194,4.0,3
3195,4.0,3
3196,4.0,3
3197,4.0,3
3198,4.0,3
3199,4.0,3
3200,4.0,3
3201,4.0,3
3202,4.0,3
3203,4.0,3
3204,4.0,1
3205,4.0,3
3206,4.0,3
3207,4.0,3
3208,4.0,1
3209,4.0,3
3210,4.0,3
3211,4.0,3
3212,4.0,3
3213,4.0,3
3214,4.0,3
3215,4.0,3
3216,4.0,1
3217,4.0,3
3218,4.0,3
3219,4.0,3
3220,4.0,3
3221,4.0,3
3222,4.0,3
3223,4.0,3
3224,4.0,3
3225,4.0,3
3226,4.0,3
3227,4.0,3
3228,4.0,3
3229,4.0,3
3230,4.0,3
3231,4.0,3
3232,4.0,3
3233,4.0,3
3234,4.0,3
3235,4.0,3
3236,4.0,3
3237,4.0,3
3238,4.0,1
3239,4.0,3
3240,4.0,3
3241,4.0,3
3242,4.0,3
3243,4.0,3
3244,4.0,3
3245,4.0,3
3246,4.0,3
3247,4.0,3
3248,4.0,3
3249,4.0,3
3250,4.0,3
3251,4.0,1
3252,4.0,3
3253,4.0,3
3254,4.0,3
3255,4.0,3
3256,4.0,3
3257,4.0,3
3258,4.0,3
3259,4.0,3
3260,4.0,3
3261,4.0,3
3262,4.0,3
3263,4.0,3
3264,4.0,3
3265,4.0,3
3266,4.0,3
3267,4.0,3
3268,4.0,3
3269,4.0,1
3270,4.0,3
3271,4.0,3
3272,4.0,3
3273,4.0,3
3274,4.0,3
3275,4.0,1
3276,4.0,3
3277,4.0,3
3278,4.0,3
3279,4.0,3
3280,4.0,3
3281,4.0,3
3282,4.0,3
3283,4.0,3
3284,4.0,3
3285,4.0,1
3286,4.0,3
3287,4.0,3
3288,4.0,3
3289,4.0,3
3290,4.0,3
3291,4.0,3
3292,4.0,3
3293,4.0,3
3294,4.0,3
3295,4.0,3
3296,4.0,3
3297,4.0,3
3298,4.0,3
3299,4.0,3
3300,4.0,3
3301,4.0,3
3302,4.0,3
3303,4.0,3
3304,4.0,3
3305,4.0,3
3306,4.0,3
3307,4.0,3
3308,4.0,3
3309,4.0,3
3310,4.0,3
3311,4.0,3
3312,4.0,3
3313,4.0,3
3314,4.0,3
3315,4.0,3
3316,4.0,3
3317,4.0,3
3318,4.0,3
3319,4.0,3
3320,4.0,3
3321,4.0,3
3322,4.0,3
3323,4.0,3
3324,4.0,3
3325,4.0,3
3326,4.0,3
3327,4.0,3
3328,4.0,3
3329,4.0,3
3330,4.0,3
3331,4.0,3
3332,4.0,3
3333,4.0,3
3334,4.0,3
3335,4.0,3
3336,4.0,3
3337,4.0,3
3338,4.0,3
3339,4.0,3
3340,4.0,3
3341,4.0,3
3342,4.0,3
3343,4.0,3
3344,4.0,1
3345,4.0,3
3346,4.0,3
3347,4.0,3
3348,4.0,3
3349,4.0,3
3350,4.0,3
3351,4.0,3
3352,4.0,3
3353,4.0,3
3354,4.0,3
3355,4.0,3
3356,4.0,3
3357,4.0,3
3358,4.0,3
3359,4.0,3
3360,4.0,3
3361,4.0,3
3362,4.0,1
3363,4.0,3
3364,4.0,3
3365,4.0,3
3366,4.0,3
3367,4.0,3
3368,4.0,3
3369,4.0,3
3370,4.0,3
3371,4.0,3
3372,4.0,3
3373,4.0,3
3374,4.0,3
3375,4.0,3
3376,4.0,3
3377,4.0,3
3378,4.0,3
3379,4.0,3
3380,4.0,3
3381,4.0,3
3382,4.0,3
3383,4.0,1
3384,4.0,3
3385,4.0,3
3386,4.0,3
3387,4.0,3
3388,4.0,3
3389,4.0,1
3390,4.0,3
3391,4.0,3
3392,4.0,3
3393,4.0,3
3394,4.0,3
3395,4.0,3
3396,4.0,3
3397,4.0,3
3398,4.0,3
3399,4.0,3
3400,4.0,3
3401,4.0,3
3402,4.0,1
3403,4.0,3
3404,4.0,3
3405,4.0,3
3406,4.0,3
3407,4.0,3
3408,4.0,3
3409,4.0,3
3410,4.0,3
3411,4.0,1
3412,4.0,3
3413,4.0,3
3414,4.0,3
3415,4.0,3
3416,4.0,3
3417,4.0,3
3418,4.0,3
3419,4.0,3
3420,4.0,3
3421,4.0,3
3422,4.0,3
3423,4.0,1
3424,4.0,3
3425,4.0,3
3426,4.0,3
3427,4.0,3
3428,4.0,3
3429,4.0,3
3430,4.0,3
3431,4.0,3
3432,4.0,1
3433,4.0,3
3434,4.0,3
3435,4.0,3
3436,4.0,3
3437,4.0,3
3438,4.0,3
3439,4.0,3
3440,4.0,3
3441,4.0,3
3442,4.0,3
3443,4.0,3
3444,4.0,3
3445,4.0,3
3446,4.0,3
3447,4.0,3
3448,4.0,3
3449,4.0,3
3450,4.0,3
3451,4.0,3
3452,4.0,3
3453,4.0,3
3454,4.0,3
3455,4.0,3
3456,4.0,3
3457,4.0,1
3458,4.0,3
3459,4.0,3
3460,4.0,3
3461,4.0,3
3462,4.0,3
3463,4.0,3
3464,4.0,3
3465,4.0,3
3466,4.0,3
3467,4.0,3
3468,4.0,3
3469,4.0,3
3470,4.0,3
3471,4.0,3
3472,4.0,3
3473,4.0,3
3474,4.0,1
3475,4.0,1
3476,4.0,3
3477,4.0,3
3478,4.0,3
3479,4.0,3
3480,4.0,3
3481,4.0,3
3482,4.0,3
3483,4.0,3
3484,4.0,1
3485,4.0,3
3486,4.0,3
3487,4.0,3
3488,4.0,3
3489,4.0,1
3490,4.0,3
3491,4.0,3
3492,4.0,3
3493,4.0,3
3494,4.0,3
3495,4.0,3
3496,4.0,3
3497,4.0,3
3498,4.0,3
3499,4.0,3
3500,4.0,3
3501,4.0,1
3502,4.0,3
3503,4.0,3
3504,4.0,3
3505,4.0,3
3506,4.0,3
3507,4.0,3
3508,4.0,3
3509,4.0,3
3510,4.0,3
3511,4.0,3
3512,4.0,3
3513,4.0,3
3514,4.0,3
3515,4.0,3
3516,4.0,1
3517,4.0,1
3518,4.0,3
3519,4.0,1
3520,4.0,3
3521,4.0,3
3522,4.0,3
3523,4.0,3
3524,4.0,3
3525,4.0,3
3526,4.0,3
3527,4.0,3
3528,4.0,3
3529,4.0,1
3530,4.0,3
3531,4.0,3
3532,4.0,3
3533,4.0,3
3534,4.0,3
3535,4.0,3
3536,4.0,3
3537,4.0,3
3538,4.0,3
3539,4.0,3
3540,4.0,3
3541,4.0,3
3542,4.0,3
3543,4.0,3
3544,4.0,3
3545,4.0,1
3546,4.0,3
3547,4.0,3
3548,4.0,3
3549,4.0,3
3550,4.0,3
3551,4.0,3
3552,4.0,3
3553,4.0,3
3554,4.0,3
3555,4.0,3
3556,4.0,3
3557,4.0,3
3558,4.0,3
3559,4.0,3
3560,4.0,3
3561,4.0,3
3562,4.0,3
3563,4.0,3
3564,4.0,3
3565,4.0,3
3566,4.0,3
3567,4.0,3
3568,4.0,3
3569,4.0,3
3570,4.0,3
3571,4.0,3
3572,4.0,3
3573,4.0,3
3574,4.0,1
3575,4.0,3
3576,4.0,3
3577,4.0,3
3578,4.0,3
3579,4.0,3
3580,4.0,3
3581,4.0,3
3582,4.0,3
3583,4.0,3
3584,4.0,3
3585,4.0,3
3586,4.0,3
3587,4.0,3
3588,4.0,3
3589,4.0,1
3590,4.0,3
3591,4.0,3
3592,4.0,3
3593,4.0,3
3594,4.0,3
3595,4.0,3
3596,4.0,3
3597,4.0,3
3598,4.0,3
3599,4.0,3
3600,4.0,3
3601,4.0,3
3602,4.0,3
3603,4.0,3
3604,4.0,3
3605,4.0,3
3606,4.0,3
3607,4.0,3
3608,4.0,3
3609,4.0,3
3610,4.0,3
3611,4.0,3
3612,4.0,3
3613,4.0,3
3614,4.0,3
3615,4.0,3
3616,4.0,3
3617,4.0,3
3618,4.0,1
3619,4.0,3
3620,4.0,1
3621,4.0,3
3622,4.0,3
3623,4.0,3
3624,4.0,3
3625,4.0,3
3626,4.0,3
3627,4.0,3
3628,4.0,3
3629,4.0,3
3630,4.0,3
3631,4.0,3
3632,4.0,3
3633,4.0,1
3634,4.0,3
3635,4.0,3
3636,4.0,3
3637,4.0,3
3638,4.0,3
3639,4.0,3
3640,4.0,3
3641,4.0,3
3642,4.0,3
3643,4.0,3
3644,4.0,3
3645,4.0,3
3646,4.0,1
3647,4.0,1
3648,4.0,3
3649,4.0,3
3650,4.0,3
3651,4.0,3
3652,4.0,3
3653,4.0,1
3654,4.0,3
3655,4.0,3
3656,4.0,1
3657,4.0,3
3658,4.0,3
3659,4.0,3
3660,4.0,3
3661,4.0,3
3662,4.0,3
3663,4.0,3
3664,4.0,3
3665,4.0,3
3666,4.0,3
3667,4.0,3
3668,4.0,3
3669,4.0,3
3670,4.0,3
3671,4.0,3
3672,4.0,3
3673,4.0,1
3674,4.0,1
3675,4.0,3
3676,4.0,3
3677,4.0,3
3678,4.0,3
3679,4.0,3
3680,4.0,3
3681,4.0,3
3682,4.0,3
3683,4.0,3
3684,4.0,3
3685,4.0,3
3686,4.0,3
3687,4.0,3
3688,4.0,3
3689,4.0,3
3690,4.0,3
3691,4.0,3
3692,4.0,3
3693,4.0,3
3694,4.0,3
3695,4.0,3
3696,4.0,3
3697,4.0,3
3698,4.0,3
3699,4.0,3
3700,4.0,3
3701,4.0,3
3702,4.0,3
3703,4.0,3
3704,4.0,3
3705,4.0,3
3706,4.0,3
3707,4.0,3
3708,4.0,3
3709,4.0,3
3710,4.0,3
3711,4.0,3
3712,4.0,3
3713,4.0,3
3714,4.0,3
3715,4.0,3
3716,4.0,3
3717,4.0,3
3718,4.0,3
3719,4.0,3
3720,4.0,3
3721,4.0,3
3722,4.0,3
3723,4.0,3
3724,4.0,3
3725,4.0,3
3726,4.0,3
3727,4.0,1
3728,4.0,3
3729,4.0,3
3730,4.0,3
3731,4.0,3
3732,4.0,3
3733,4.0,3
3734,4.0,3
3735,4.0,3
3736,4.0,3
3737,4.0,3
3738,4.0,3
3739,4.0,3
3740,4.0,3
3741,4.0,3
3742,4.0,3
3743,4.0,3
3744,4.0,1
3745,4.0,3
3746,4.0,3
3747,4.0,3
3748,4.0,3
3749,4.0,3
3750,4.0,3
3751,4.0,3
3752,4.0,3
3753,4.0,3
3754,4.0,3
3755,4.0,3
3756,4.0,3
3757,4.0,3
3758,4.0,3
3759,4.0,3
3760,4.0,3
3761,4.0,3
3762,4.0,3
3763,4.0,3
3764,4.0,3
3765,4.0,3
3766,4.0,3
3767,4.0,3
3768,4.0,3
3769,4.0,3
3770,4.0,1
3771,4.0,3
3772,4.0,3
3773,4.0,3
3774,4.0,3
3775,4.0,3
3776,4.0,3
3777,4.0,3
3778,4.0,3
3779,4.0,3
3780,4.0,3
3781,4.0,1
3782,4.0,1
3783,4.0,3
3784,4.0,3
3785,4.0,3
3786,4.0,3
3787,4.0,3
3788,4.0,3
3789,4.0,3
3790,4.0,3
3791,4.0,3
3792,4.0,3
3793,4.0,3
3794,4.0,3
3795,4.0,1
3796,4.0,3
3797,4.0,3
3798,4.0,1
3799,4.0,3
3800,4.0,3
3801,4.0,3
3802,4.0,3
3803,4.0,1
3804,4.0,3
3805,4.0,3
3806,4.0,3
3807,4.0,3
3808,4.0,3
3809,4.0,3
3810,4.0,3
3811,4.0,3
3812,4.0,3
3813,4.0,3
3814,4.0,3
3815,4.0,3
3816,4.0,3
3817,4.0,3
3818,4.0,1
3819,4.0,3
3820,4.0,3
3821,4.0,3
3822,4.0,3
3823,4.0,3
3824,4.0,3
3825,4.0,3
3826,4.0,3
3827,4.0,3
3828,4.0,3
3829,4.0,3
3830,4.0,3
3831,4.0,3
3832,4.0,3
3833,4.0,3
3834,4.0,3
3835,4.0,3
3836,4.0,3
3837,4.0,3
3838,4.0,3
3839,4.0,1
3840,4.0,1
3841,4.0,3
3842,4.0,3
3843,4.0,3
3844,4.0,3
3845,4.0,3
3846,4.0,3
3847,4.0,3
3848,4.0,3
3849,4.0,3
3850,4.0,3
3851,4.0,3
3852,4.0,1
3853,4.0,3
3854,4.0,3
3855,4.0,3
3856,4.0,3
3857,4.0,3
3858,4.0,3
3859,4.0,3
3860,4.0,3
3861,4.0,1
3862,4.0,1
3863,4.0,3
3864,4.0,3
3865,4.0,3
3866,4.0,3
3867,4.0,3
3868,4.0,3
3869,4.0,3
3870,4.0,3
3871,4.0,3
3872,4.0,3
3873,4.0,3
3874,4.0,3
3875,4.0,3
3876,4.0,3
3877,4.0,3
3878,4.0,3
3879,4.0,3
3880,4.0,3
3881,4.0,3
3882,4.0,3
3883,4.0,3
3884,4.0,3
3885,4.0,3
3886,4.0,3
3887,4.0,3
3888,4.0,3
3889,4.0,3
3890,4.0,3
3891,4.0,3
3892,4.0,3
3893,4.0,3
3894,4.0,1
3895,4.0,3
3896,4.0,3
3897,4.0,3
3898,4.0,3
3899,4.0,3
3900,4.0,3
3901,4.0,3
3902,4.0,3
3903,4.0,3
3904,4.0,3
3905,4.0,3
3906,4.0,3
3907,4.0,3
3908,4.0,1
3909,4.0,3
3910,4.0,3
3911,4.0,3
3912,4.0,3
3913,4.0,3
3914,4.0,3
3915,4.0,3
3916,4.0,3
3917,4.0,3
3918,4.0,3
3919,4.0,3
3920,4.0,3
3921,4.0,3
3922,4.0,3
3923,4.0,3
3924,4.0,3
3925,4.0,3
3926,4.0,3
3927,4.0,3
3928,4.0,3
3929,4.0,3
3930,4.0,3
3931,4.0,3
3932,4.0,3
3933,4.0,3
3934,4.0,1
3935,4.0,3
3936,4.0,3
3937,4.0,3
3938,4.0,3
3939,4.0,3
3940,4.0,3
3941,4.0,3
3942,4.0,3
3943,4.0,3
3944,4.0,3
3945,4.0,3
3946,4.0,1
3947,4.0,3
3948,4.0,3
3949,4.0,3
3950,4.0,3
3951,4.0,3
3952,4.0,3
3953,4.0,3
3954,4.0,3
3955,4.0,3
3956,4.0,3
3957,4.0,3
3958,4.0,3
3959,4.0,3
3960,4.0,3
3961,4.0,3
3962,4.0,3
3963,4.0,3
3964,4.0,3
3965,4.0,3
3966,4.0,3
3967,4.0,3
3968,4.0,3
3969,4.0,3
3970,4.0,3
3971,4.0,3
3972,4.0,3
3973,4.0,3
3974,4.0,3
3975,4.0,3
3976,4.0,3
3977,4.0,3
3978,4.0,3
3979,4.0,3
3980,4.0,3
3981,4.0,3
3982,4.0,3
3983,4.0,3
3984,4.0,3
3985,4.0,3
3986,4.0,3
3987,4.0,3
3988,4.0,3
3989,4.0,3
3990,4.0,3
3991,4.0,3
3992,4.0,3
3993,4.0,3
3994,4.0,3
3995,4.0,3
3996,4.0,3
3997,4.0,3
3998,4.0,3
3999,4.0,3
4000,5.0,4
4001,5.0,4
4002,5.0,4
4003,5.0,4
4004,5.0,4
4005,5.0,4
4006,5.0,4
4007,5.0,4
4008,5.0,4
4009,5.0,4
4010,5.0,4
4011,5.0,4
4012,5.0,4
4013,5.0,4
4014,5.0,4
4015,5.0,4
4016,5.0,4
4017,5.0,4
4018,5.0,4
4019,5.0,4
4020,5.0,4
4021,5.0,4
4022,5.0,4
4023,5.0,4
4024,5.0,4
4025,5.0,4
4026,5.0,4
4027,5.0,4
4028,5.0,4
4029,5.0,4
4030,5.0,4
4031,5.0,4
4032,5.0,4
4033,5.0,4
4034,5.0,4
4035,5.0,4
4036,5.0,4
4037,5.0,4
4038,5.0,4
4039,5.0,4
4040,5.0,4
4041,5.0,4
4042,5.0,4
4043,5.0,4
4044,5.0,4
4045,5.0,4
4046,5.0,4
4047,5.0,4
4048,5.0,4
4049,5.0,4
4050,5.0,4
4051,5.0,4
4052,5.0,4
4053,5.0,4
4054,5.0,4
4055,5.0,4
4056,5.0,4
4057,5.0,4
4058,5.0,4
4059,5.0,4
4060,5.0,4
4061,5.0,4
4062,5.0,4
4063,5.0,4
4064,5.0,4
4065,5.0,4
4066,5.0,4
4067,5.0,4
4068,5.0,4
4069,5.0,4
4070,5.0,4
4071,5.0,4
4072,5.0,4
4073,5.0,4
4074,5.0,4
4075,5.0,4
4076,5.0,4
4077,5.0,4
4078,5.0,4
4079,5.0,4
4080,5.0,4
4081,5.0,4
4082,5.0,4
4083,5.0,4
4084,5.0,4
4085,5.0,4
4086,5.0,4
4087,5.0,4
4088,5.0,4
4089,5.0,4
4090,5.0,4
4091,5.0,4
4092,5.0,4
4093,5.0,4
4094,5.0,4
4095,5.0,4
4096,5.0,4
4097,5.0,4
4098,5.0,4
4099,5.0,4
4100,5.0,4
4101,5.0,4
4102,5.0,4
4103,5.0,4
4104,5.0,4
4105,5.0,4
4106,5.0,4
4107,5.0,4
4108,5.0,4
4109,5.0,4
4110,5.0,4
4111,5.0,4
4112,5.0,4
4113,5.0,4
4114,5.0,4
4115,5.0,4
4116,5.0,4
4117,5.0,4
4118,5.0,4
4119,5.0,4
4120,5.0,4
4121,5.0,4
4122,5.0,4
4123,5.0,4
4124,5.0,4
4125,5.0,4
4126,5.0,4
4127,5.0,4
4128,5.0,4
4129,5.0,4
4130,5.0,4
4131,5.0,4
4132,5.0,4
4133,5.0,4
4134,5.0,4
4135,5.0,4
4136,5.0,4
4137,5.0,4
4138,5.0,4
4139,5.0,4
4140,5.0,4
4141,5.0,4
4142,5.0,4
4143,5.0,4
4144,5.0,4
4145,5.0,4
4146,5.0,4
4147,5.0,4
4148,5.0,4
4149,5.0,4
4150,5.0,4
4151,5.0,4
4152,5.0,4
4153,5.0,4
4154,5.0,4
4155,5.0,4
4156,5.0,4
4157,5.0,4
4158,5.0,4
4159,5.0,4
4160,5.0,4
4161,5.0,4
4162,5.0,4
4163,5.0,4
4164,5.0,4
4165,5.0,4
4166,5.0,4
4167,5.0,4
4168,5.0,4
4169,5.0,4
4170,5.0,4
4171,5.0,4
4172,5.0,4
4173,5.0,4
4174,5.0,4
4175,5.0,4
4176,5.0,4
4177,5.0,4
4178,5.0,4
4179,5.0,4
4180,5.0,4
4181,5.0,4
4182,5.0,4
4183,5.0,4
4184,5.0,4
4185,5.0,4
4186,5.0,4
4187,5.0,4
4188,5.0,4
4189,5.0,4
4190,5.0,4
4191,5.0,4
4192,5.0,4
4193,5.0,4
4194,5.0,4
4195,5.0,4
4196,5.0,4
4197,5.0,4
4198,5.0,4
4199,5.0,4
4200,5.0,4
4201,5.0,4
4202,5.0,4
4203,5.0,4
4204,5.0,4
4205,5.0,4
4206,5.0,4
4207,5.0,4
4208,5.0,4
4209,5.0,4
4210,5.0,4
4211,5.0,4
4212,5.0,4
4213,5.0,4
4214,5.0,4
4215,5.0,4
4216,5.0,4
4217,5.0,4
4218,5.0,4
4219,5.0,4
4220,5.0,4
4221,5.0,4
4222,5.0,4
4223,5.0,4
4224,5.0,4
4225,5.0,4
4226,5.0,4
4227,5.0,4
4228,5.0,4
4229,5.0,4
4230,5.0,4
4231,5.0,4
4232,5.0,4
4233,5.0,4
4234,5.0,4
4235,5.0,4
4236,5.0,4
4237,5.0,4
4238,5.0,4
4239,5.0,4
4240,5.0,4
4241,5.0,4
4242,5.0,4
4243,5.0,4
4244,5.0,4
4245,5.0,4
4246,5.0,4
4247,5.0,4
4248,5.0,4
4249,5.0,4
4250,5.0,4
4251,5.0,4
4252,5.0,4
4253,5.0,4
4254,5.0,4
4255,5.0,4
4256,5.0,4
4257,5.0,4
4258,5.0,4
4259,5.0,4
4260,5.0,4
4261,5.0,4
4262,5.0,4
4263,5.0,4
4264,5.0,4
4265,5.0,4
4266,5.0,4
4267,5.0,4
4268,5.0,4
4269,5.0,4
4270,5.0,4
4271,5.0,4
4272,5.0,4
4273,5.0,4
4274,5.0,4
4275,5.0,4
4276,5.0,4
4277,5.0,4
4278,5.0,4
4279,5.0,4
4280,5.0,4
4281,5.0,4
4282,5.0,4
4283,5.0,4
4284,5.0,4
4285,5.0,4
4286,5.0,4
4287,5.0,4
4288,5.0,4
4289,5.0,4
4290,5.0,4
4291,5.0,4
4292,5.0,4
4293,5.0,4
4294,5.0,4
4295,5.0,4
4296,5.0,4
4297,5.0,4
4298,5.0,4
4299,5.0,4
4300,5.0,4
4301,5.0,4
4302,5.0,4
4303,5.0,4
4304,5.0,4
4305,5.0,4
4306,5.0,4
4307,5.0,4
4308,5.0,4
4309,5.0,4
4310,5.0,4
4311,5.0,4
4312,5.0,4
4313,5.0,4
4314,5.0,4
4315,5.0,4
4316,5.0,4
4317,5.0,4
4318,5.0,4
4319,5.0,4
4320,5.0,4
4321,5.0,4
4322,5.0,4
4323,5.0,4
4324,5.0,4
4325,5.0,4
4326,5.0,4
4327,5.0,4
4328,5.0,4
4329,5.0,4
4330,5.0,4
4331,5.0,4
4332,5.0,4
4333,5.0,4
4334,5.0,4
4335,5.0,0
4336,5.0,4
4337,5.0,4
4338,5.0,4
4339,5.0,4
4340,5.0,4
4341,5.0,4
4342,5.0,4
4343,5.0,4
4344,5.0,4
4345,5.0,4
4346,5.0,4
4347,5.0,4
4348,5.0,4
4349,5.0,4
4350,5.0,4
4351,5.0,4
4352,5.0,4
4353,5.0,4
4354,5.0,4
4355,5.0,4
4356,5.0,4
4357,5.0,4
4358,5.0,4
4359,5.0,4
4360,5.0,4
4361,5.0,4
4362,5.0,4
4363,5.0,4
4364,5.0,4
4365,5.0,4
4366,5.0,4
4367,5.0,4
4368,5.0,4
4369,5.0,4
4370,5.0,4
4371,5.0,4
4372,5.0,4
4373,5.0,4
4374,5.0,4
4375,5.0,4
4376,5.0,4
4377,5.0,4
4378,5.0,4
4379,5.0,4
4380,5.0,4
4381,5.0,4
4382,5.0,4
4383,5.0,4
4384,5.0,4
4385,5.0,4
4386,5.0,4
4387,5.0,4
4388,5.0,4
4389,5.0,4
4390,5.0,4
4391,5.0,4
4392,5.0,4
4393,5.0,4
4394,5.0,4
4395,5.0,4
4396,5.0,4
4397,5.0,4
4398,5.0,4
4399,5.0,4
4400,5.0,4
4401,5.0,4
4402,5.0,4
4403,5.0,4
4404,5.0,4
4405,5.0,4
4406,5.0,4
4407,5.0,4
4408,5.0,4
4409,5.0,4
4410,5.0,4
4411,5.0,4
4412,5.0,4
4413,5.0,4
4414,5.0,4
4415,5.0,4
4416,5.0,4
4417,5.0,4
4418,5.0,4
4419,5.0,4
4420,5.0,4
4421,5.0,4
4422,5.0,4
4423,5.0,4
4424,5.0,4
4425,5.0,4
4426,5.0,4
4427,5.0,4
4428,5.0,4
4429,5.0,4
4430,5.0,4
4431,5.0,4
4432,5.0,4
4433,5.0,4
4434,5.0,4
4435,5.0,4
4436,5.0,4
4437,5.0,4
4438,5.0,4
4439,5.0,4
4440,5.0,4
4441,5.0,4
4442,5.0,4
4443,5.0,4
4444,5.0,4
4445,5.0,4
4446,5.0,4
4447,5.0,4
4448,5.0,4
4449,5.0,4
4450,5.0,4
4451,5.0,4
4452,5.0,4
4453,5.0,4
4454,5.0,4
4455,5.0,4
4456,5.0,4
4457,5.0,4
4458,5.0,4
4459,5.0,4
4460,5.0,4
4461,5.0,4
4462,5.0,4
4463,5.0,4
4464,5.0,4
4465,5.0,4
4466,5.0,4
4467,5.0,4
4468,5.0,4
4469,5.0,4
4470,5.0,4
4471,5.0,4
4472,5.0,4
4473,5.0,4
4474,5.0,4
4475,5.0,4
4476,5.0,4
4477,5.0,4
4478,5.0,4
4479,5.0,4
4480,5.0,4
4481,5.0,4
4482,5.0,4
4483,5.0,4
4484,5.0,4
4485,5.0,4
4486,5.0,4
4487,5.0,4
4488,5.0,4
4489,5.0,4
4490,5.0,4
4491,5.0,4
4492,5.0,4
4493,5.0,4
4494,5.0,4
4495,5.0,4
4496,5.0,4
4497,5.0,4
4498,5.0,4
4499,5.0,4
4500,5.0,4
4501,5.0,4
4502,5.0,4
4503,5.0,4
4504,5.0,4
4505,5.0,4
4506,5.0,4
4507,5.0,4
4508,5.0,4
4509,5.0,4
4510,5.0,4
4511,5.0,4
4512,5.0,4
4513,5.0,4
4514,5.0,4
4515,5.0,4
4516,5.0,4
4517,5.0,4
4518,5.0,4
4519,5.0,4
4520,5.0,4
4521,5.0,4
4522,5.0,4
4523,5.0,4
4524,5.0,4
4525,5.0,4
4526,5.0,4
4527,5.0,4
4528,5.0,4
4529,5.0,4
4530,5.0,4
4531,5.0,4
4532,5.0,4
4533,5.0,4
4534,5.0,0
4535,5.0,4
4536,5.0,4
4537,5.0,4
4538,5.0,4
4539,5.0,4
4540,5.0,4
4541,5.0,4
4542,5.0,4
4543,5.0,4
4544,5.0,4
4545,5.0,4
4546,5.0,4
4547,5.0,4
4548,5.0,4
4549,5.0,4
4550,5.0,4
4551,5.0,4
4552,5.0,4
4553,5.0,4
4554,5.0,4
4555,5.0,4
4556,5.0,4
4557,5.0,4
4558,5.0,4
4559,5.0,4
4560,5.0,4
4561,5.0,4
4562,5.0,4
4563,5.0,4
4564,5.0,4
4565,5.0,4
4566,5.0,4
4567,5.0,4
4568,5.0,4
4569,5.0,4
4570,5.0,4
4571,5.0,4
4572,5.0,4
4573,5.0,4
4574,5.0,4
4575,5.0,4
4576,5.0,4
4577,5.0,4
4578,5.0,4
4579,5.0,4
4580,5.0,4
4581,5.0,4
4582,5.0,4
4583,5.0,4
4584,5.0,4
4585,5.0,4
4586,5.0,4
4587,5.0,4
4588,5.0,4
4589,5.0,4
4590,5.0,4
4591,5.0,4
4592,5.0,4
4593,5.0,4
4594,5.0,4
4595,5.0,4
4596,5.0,4
4597,5.0,4
4598,5.0,4
4599,5.0,4
4600,5.0,4
4601,5.0,4
4602,5.0,4
4603,5.0,4
4604,5.0,4
4605,5.0,4
4606,5.0,4
4607,5.0,4
4608,5.0,4
4609,5.0,4
4610,5.0,4
4611,5.0,4
4612,5.0,4
4613,5.0,4
4614,5.0,4
4615,5.0,4
4616,5.0,4
4617,5.0,4
4618,5.0,4
4619,5.0,4
4620,5.0,4
4621,5.0,4
4622,5.0,4
4623,5.0,4
4624,5.0,4
4625,5.0,4
4626,5.0,4
4627,5.0,4
4628,5.0,4
4629,5.0,4
4630,5.0,4
4631,5.0,4
4632,5.0,4
4633,5.0,4
4634,5.0,4
4635,5.0,4
4636,5.0,4
4637,5.0,4
4638,5.0,4
4639,5.0,4
4640,5.0,4
4641,5.0,4
4642,5.0,4
4643,5.0,4
4644,5.0,4
4645,5.0,4
4646,5.0,4
4647,5.0,4
4648,5.0,4
4649,5.0,4
4650,5.0,4
4651,5.0,4
4652,5.0,4
4653,5.0,4
4654,5.0,4
4655,5.0,4
4656,5.0,4
4657,5.0,4
4658,5.0,4
4659,5.0,4
4660,5.0,4
4661,5.0,4
4662,5.0,4
4663,5.0,4
4664,5.0,4
4665,5.0,4
4666,5.0,4
4667,5.0,4
4668,5.0,4
4669,5.0,4
4670,5.0,4
4671,5.0,4
4672,5.0,4
4673,5.0,4
4674,5.0,4
4675,5.0,4
4676,5.0,4
4677,5.0,4
4678,5.0,4
4679,5.0,4
4680,5.0,4
4681,5.0,4
4682,5.0,4
4683,5.0,4
4684,5.0,4
4685,5.0,4
4686,5.0,4
4687,5.0,4
4688,5.0,4
4689,5.0,4
4690,5.0,4
4691,5.0,4
4692,5.0,4
4693,5.0,4
4694,5.0,4
4695,5.0,4
4696,5.0,4
4697,5.0,4
4698,5.0,4
4699,5.0,4
4700,5.0,4
4701,5.0,4
4702,5.0,4
4703,5.0,4
4704,5.0,4
4705,5.0,4
4706,5.0,4
4707,5.0,4
4708,5.0,4
4709,5.0,4
4710,5.0,4
4711,5.0,4
4712,5.0,0
4713,5.0,4
4714,5.0,4
4715,5.0,4
4716,5.0,4
4717,5.0,4
4718,5.0,4
4719,5.0,4
4720,5.0,4
4721,5.0,4
4722,5.0,4
4723,5.0,4
4724,5.0,4
4725,5.0,4
4726,5.0,4
4727,5.0,4
4728,5.0,4
4729,5.0,4
4730,5.0,4
4731,5.0,4
4732,5.0,4
4733,5.0,4
4734,5.0,4
4735,5.0,4
4736,5.0,4
4737,5.0,4
4738,5.0,4
4739,5.0,4
4740,5.0,4
4741,5.0,4
4742,5.0,4
4743,5.0,4
4744,5.0,4
4745,5.0,4
4746,5.0,4
4747,5.0,4
4748,5.0,4
4749,5.0,4
4750,5.0,4
4751,5.0,4
4752,5.0,4
4753,5.0,4
4754,5.0,4
4755,5.0,4
4756,5.0,4
4757,5.0,4
4758,5.0,4
4759,5.0,4
4760,5.0,4
4761,5.0,4
4762,5.0,4
4763,5.0,4
4764,5.0,4
4765,5.0,4
4766,5.0,4
4767,5.0,4
4768,5.0,4
4769,5.0,4
4770,5.0,4
4771,5.0,4
4772,5.0,4
4773,5.0,4
4774,5.0,4
4775,5.0,4
4776,5.0,4
4777,5.0,4
4778,5.0,4
4779,5.0,4
4780,5.0,4
4781,5.0,4
4782,5.0,4
4783,5.0,4
4784,5.0,4
4785,5.0,4
4786,5.0,4
4787,5.0,4
4788,5.0,4
4789,5.0,4
4790,5.0,4
4791,5.0,4
4792,5.0,4
4793,5.0,4
4794,5.0,4
4795,5.0,4
4796,5.0,4
4797,5.0,4
4798,5.0,4
4799,5.0,4
4800,5.0,4
4801,5.0,4
4802,5.0,4
4803,5.0,4
4804,5.0,4
4805,5.0,4
4806,5.0,4
4807,5.0,4
4808,5.0,4
4809,5.0,4
4810,5.0,4
4811,5.0,4
4812,5.0,4
4813,5.0,4
4814,5.0,4
4815,5.0,4
4816,5.0,4
4817,5.0,4
4818,5.0,4
4819,5.0,4
4820,5.0,4
4821,5.0,4
4822,5.0,4
4823,5.0,4
4824,5.0,4
4825,5.0,4
4826,5.0,4
4827,5.0,4
4828,5.0,4
4829,5.0,4
4830,5.0,4
4831,5.0,4
4832,5.0,4
4833,5.0,4
4834,5.0,4
4835,5.0,4
4836,5.0,4
4837,5.0,4
4838,5.0,4
4839,5.0,4
4840,5.0,4
4841,5.0,4
4842,5.0,4
4843,5.0,4
4844,5.0,4
4845,5.0,4
4846,5.0,4
4847,5.0,4
4848,5.0,4
4849,5.0,4
4850,5.0,4
4851,5.0,4
4852,5.0,4
4853,5.0,4
4854,5.0,4
4855,5.0,4
4856,5.0,4
4857,5.0,4
4858,5.0,4
4859,5.0,4
4860,5.0,4
4861,5.0,4
4862,5.0,4
4863,5.0,4
4864,5.0,4
4865,5.0,4
4866,5.0,4
4867,5.0,4
4868,5.0,4
4869,5.0,4
4870,5.0,4
4871,5.0,4
4872,5.0,4
4873,5.0,4
4874,5.0,4
4875,5.0,4
4876,5.0,4
4877,5.0,4
4878,5.0,4
4879,5.0,4
4880,5.0,4
4881,5.0,4
4882,5.0,4
4883,5.0,4
4884,5.0,4
4885,5.0,4
4886,5.0,4
4887,5.0,4
4888,5.0,4
4889,5.0,4
4890,5.0,4
4891,5.0,4
4892,5.0,4
4893,5.0,4
4894,5.0,4
4895,5.0,4
4896,5.0,4
4897,5.0,4
4898,5.0,4
4899,5.0,4
4900,5.0,4
4901,5.0,4
4902,5.0,4
4903,5.0,4
4904,5.0,4
4905,5.0,4
4906,5.0,4
4907,5.0,4
4908,5.0,4
4909,5.0,4
4910,5.0,4
4911,5.0,4
4912,5.0,4
4913,5.0,4
4914,5.0,4
4915,5.0,4
4916,5.0,4
4917,5.0,4
4918,5.0,4
4919,5.0,4
4920,5.0,4
4921,5.0,4
4922,5.0,4
4923,5.0,4
4924,5.0,4
4925,5.0,4
4926,5.0,4
4927,5.0,4
4928,5.0,4
4929,5.0,4
4930,5.0,4
4931,5.0,4
4932,5.0,4
4933,5.0,4
4934,5.0,4
4935,5.0,4
4936,5.0,4
4937,5.0,4
4938,5.0,4
4939,5.0,4
4940,5.0,4
4941,5.0,4
4942,5.0,4
4943,5.0,4
4944,5.0,4
4945,5.0,4
4946,5.0,4
4947,5.0,4
4948,5.0,4
4949,5.0,0
4950,5.0,4
4951,5.0,4
4952,5.0,4
4953,5.0,4
4954,5.0,4
4955,5.0,4
4956,5.0,4
4957,5.0,4
4958,5.0,4
4959,5.0,4
4960,5.0,4
4961,5.0,4
4962,5.0,4
4963,5.0,4
4964,5.0,4
4965,5.0,4
4966,5.0,4
4967,5.0,4
4968,5.0,4
4969,5.0,4
4970,5.0,4
4971,5.0,4
4972,5.0,4
4973,5.0,4
4974,5.0,4
4975,5.0,4
4976,5.0,4
4977,5.0,4
4978,5.0,4
4979,5.0,4
4980,5.0,4
4981,5.0,4
4982,5.0,4
4983,5.0,4
4984,5.0,4
4985,5.0,4
4986,5.0,4
4987,5.0,4
4988,5.0,4
4989,5.0,4
4990,5.0,4
4991,5.0,4
4992,5.0,4
4993,5.0,4
4994,5.0,4
4995,5.0,4
4996,5.0,4
4997,5.0,4
4998,5.0,4
4999,5.0,4
